0 0.612915 0.450473 0.035166 0.045148
0 0.574046 0.473262 0.029710 0.036055
0 0.240322 0.682219 0.045705 0.049094
0 0.186795 0.664469 0.032158 0.044703
0 0.211400 0.663980 0.033029 0.047633
0 0.283786 0.719637 0.058485 0.024383
0 0.357676 0.735477 0.065664 0.020094
0 0.575430 0.434168 0.035861 0.042086
0 0.572822 0.406328 0.038589 0.037812
0 0.464673 0.612477 0.029471 0.044391
0 0.462873 0.535965 0.063174 0.034211
0 0.586183 0.571367 0.059502 0.034297
0 0.600913 0.483969 0.042220 0.023281
0 0.555130 0.449062 0.032376 0.037547
0 0.514678 0.440547 0.022925 0.049688
0 0.501307 0.606230 0.047697 0.037070
0 0.431452 0.735105 0.062510 0.020852
0 0.638128 0.493082 0.035591 0.040227
0 0.542988 0.394969 0.027303 0.030531
0 0.496136 0.363508 0.047459 0.036422
0 0.578091 0.657191 0.028589 0.043305
0 0.531639 0.487852 0.037552 0.044297
0 0.572116 0.597453 0.023880 0.046813
0 0.637355 0.599723 0.025083 0.042414
0 0.587656 0.613102 0.038382 0.035984
0 0.618724 0.512031 0.042012 0.038906
