0 0.577723 0.434062 0.040446 0.042297
0 0.573693 0.405648 0.037220 0.036453
0 0.514678 0.440547 0.022925 0.049688
0 0.541473 0.396242 0.024274 0.033078
0 0.496136 0.362414 0.047459 0.034234
0 0.501307 0.606230 0.047697 0.037070
0 0.186795 0.664469 0.032158 0.044703
0 0.211400 0.663980 0.033029 0.047633
0 0.240322 0.682219 0.045705 0.049094
0 0.283786 0.719637 0.058485 0.024383
0 0.357676 0.735477 0.065664 0.020094
0 0.431452 0.735105 0.062510 0.020852
0 0.464673 0.612477 0.029471 0.044391
0 0.579383 0.657410 0.026006 0.043305
0 0.462873 0.535965 0.063174 0.034211
0 0.530062 0.488555 0.037780 0.042297
0 0.586183 0.571367 0.059502 0.034297
0 0.572116 0.598277 0.023880 0.048461
0 0.640290 0.599918 0.023983 0.042648
0 0.584206 0.615992 0.051712 0.041766
0 0.619046 0.512969 0.045062 0.042031
0 0.639507 0.492684 0.032459 0.037367
0 0.600913 0.483969 0.042220 0.023281
0 0.612951 0.451387 0.036691 0.046977
0 0.574191 0.473262 0.030000 0.036055
0 0.555130 0.449062 0.032376 0.037547
