0 0.079035 0.371023 0.051515 0.031375
0 0.024388 0.440348 0.027324 0.045883
0 0.027521 0.541895 0.041660 0.043164
0 0.067116 0.602617 0.056432 0.039141
0 0.405316 0.624215 0.061878 0.022977
0 0.421022 0.582500 0.060923 0.034063
0 0.475000 0.598227 0.042552 0.048578
0 0.432443 0.518949 0.055985 0.037789
0 0.467609 0.540707 0.047479 0.041492
0 0.504336 0.570395 0.028672 0.044867
0 0.438942 0.635672 0.044793 0.037781
0 0.537495 0.539855 0.039388 0.045867
0 0.521810 0.489598 0.022396 0.039133
0 0.548454 0.491285 0.028216 0.047898
0 0.485524 0.445746 0.031359 0.036430
0 0.511836 0.437766 0.023091 0.044859
0 0.538439 0.440535 0.035467 0.038805
0 0.511572 0.388773 0.043745 0.033531
0 0.473439 0.383090 0.045674 0.034992
0 0.449238 0.390816 0.036006 0.042273
0 0.474212 0.417348 0.043361 0.019539
0 0.471888 0.353645 0.057303 0.035570
0 0.423112 0.320406 0.060394 0.029156
0 0.401058 0.354969 0.051079 0.036469
0 0.384782 0.398836 0.028651 0.049562
0 0.408786 0.395773 0.030975 0.050438
