0 0.251022 0.464879 0.044160 0.037805
0 0.272604 0.472438 0.043838 0.023688
0 0.273439 0.495121 0.045508 0.030742
0 0.220571 0.496262 0.034793 0.029508
0 0.236136 0.553832 0.058558 0.043852
0 0.180088 0.534176 0.036131 0.044352
0 0.158174 0.584828 0.029772 0.045359
0 0.189123 0.632062 0.054865 0.038578
0 0.181426 0.662816 0.056214 0.016883
0 0.304725 0.593773 0.035135 0.045109
0 0.291177 0.614687 0.038143 0.043594
0 0.335674 0.468406 0.028112 0.046875
0 0.372982 0.467777 0.053205 0.024445
0 0.608366 0.508098 0.042168 0.040570
0 0.590462 0.575000 0.053869 0.027719
0 0.640316 0.639762 0.043828 0.034273
0 0.651530 0.660801 0.027438 0.030992
0 0.597993 0.648074 0.027438 0.036289
0 0.618906 0.679574 0.047168 0.038805
0 0.577251 0.688648 0.028776 0.049391
0 0.591302 0.712582 0.028766 0.042336
0 0.607194 0.728949 0.035799 0.041805
0 0.499761 0.754449 0.070851 0.029742
0 0.536343 0.772816 0.056525 0.028570
0 0.472853 0.785500 0.041037 0.035859
0 0.385555 0.805617 0.060778 0.018953
