0 0.530254 0.277160 0.079471 0.040508
0 0.604512 0.302254 0.041743 0.036273
0 0.865405 0.460047 0.040145 0.071344
0 0.879450 0.545898 0.052178 0.065297
0 0.836105 0.705199 0.047355 0.071945
0 0.736162 0.751148 0.061017 0.055016
0 0.781515 0.767473 0.048963 0.063477
0 0.681976 0.758707 0.045757 0.076180
0 0.669533 0.811305 0.049772 0.062875
0 0.551924 0.755988 0.082687 0.046555
0 0.524191 0.775332 0.001680 0.003023
0 0.563169 0.791961 0.071442 0.039906
0 0.600892 0.829746 0.052178 0.052602
0 0.545503 0.853324 0.057002 0.038086
0 0.472453 0.807980 0.082687 0.059852
0 0.464025 0.858461 0.069046 0.025391
0 0.362479 0.837910 0.081079 0.048367
0 0.222396 0.768680 0.061017 0.061062
0 0.127666 0.644441 0.036929 0.067711
0 0.113620 0.543777 0.032905 0.059852
0 0.149741 0.464578 0.039336 0.064687
