0 0.198714 0.590637 0.032905 0.061664
0 0.252095 0.678902 0.052988 0.060461
0 0.316317 0.729688 0.069046 0.048359
0 0.380539 0.765961 0.073859 0.055625
0 0.512593 0.798309 0.085892 0.038086
0 0.728537 0.768383 0.068237 0.056828
0 0.787137 0.707320 0.077863 0.050781
0 0.893102 0.622074 0.042552 0.070133
0 0.906743 0.562824 0.031307 0.055617
0 0.879455 0.550734 0.024886 0.044734
0 0.846136 0.550430 0.027293 0.051391
0 0.716872 0.457637 0.040176 0.064102
0 0.787941 0.341246 0.069844 0.038086
0 0.713278 0.334898 0.044149 0.059250
0 0.719305 0.305578 0.062614 0.051391
0 0.590456 0.268398 0.076266 0.037484
0 0.503361 0.262957 0.078672 0.026602
0 0.354450 0.306789 0.089108 0.029625
0 0.281800 0.352430 0.077064 0.037484
0 0.236043 0.410168 0.054595 0.046555
