0 0.618859 0.787684 0.060406 0.048648
0 0.447214 0.403668 0.062823 0.027180
0 0.627583 0.733070 0.044542 0.055047
0 0.678760 0.723617 0.031646 0.053484
0 0.719635 0.701613 0.034479 0.049539
0 0.490734 0.473555 0.064594 0.041172
0 0.689458 0.482895 0.046083 0.046555
0 0.449266 0.444621 0.047510 0.049664
0 0.544260 0.397672 0.066854 0.026063
0 0.564266 0.434586 0.055844 0.035641
0 0.519167 0.435941 0.049167 0.049211
0 0.610224 0.433051 0.051844 0.037648
0 0.591250 0.460395 0.062292 0.030633
0 0.635505 0.458715 0.046219 0.035383
0 0.739828 0.658301 0.046531 0.042773
0 0.192297 0.671930 0.033344 0.051953
0 0.276745 0.769187 0.048385 0.051156
0 0.353109 0.808508 0.072948 0.029547
0 0.440141 0.826016 0.071385 0.032969
