0 0.453651 0.280438 0.064427 0.029594
0 0.334453 0.321516 0.062823 0.032016
0 0.311094 0.352621 0.062813 0.025367
0 0.265990 0.447457 0.056375 0.039867
0 0.236594 0.449574 0.044292 0.040477
0 0.220083 0.503035 0.029000 0.047117
0 0.313911 0.530520 0.050740 0.033227
0 0.357401 0.572805 0.050740 0.042891
0 0.292974 0.638344 0.045906 0.054359
0 0.375927 0.603008 0.078125 0.039266
0 0.406536 0.664016 0.063635 0.029594
0 0.455260 0.605727 0.064438 0.026578
0 0.464927 0.628980 0.078938 0.029602
0 0.477005 0.653445 0.067656 0.025375
0 0.421839 0.690289 0.060406 0.026578
0 0.475802 0.715660 0.068458 0.024164
0 0.532177 0.682137 0.033021 0.053758
0 0.557953 0.715664 0.062010 0.031406
0 0.670708 0.683645 0.047521 0.043492
0 0.724276 0.640758 0.067656 0.033828
