0 0.266391 0.336613 0.041073 0.050133
0 0.196323 0.480078 0.042688 0.053156
0 0.173365 0.531426 0.030604 0.047117
0 0.213641 0.613879 0.064427 0.048930
0 0.503589 0.725629 0.064427 0.027180
0 0.659036 0.677605 0.062823 0.028992
0 0.698901 0.596965 0.029802 0.056180
0 0.722661 0.514207 0.037052 0.048930
0 0.727490 0.557398 0.030604 0.044703
0 0.730714 0.592129 0.032219 0.045305
0 0.764943 0.548641 0.041073 0.042891
0 0.777432 0.493066 0.032219 0.051352
0 0.737964 0.458336 0.064427 0.037453
0 0.693667 0.445648 0.030604 0.036250
0 0.684406 0.403059 0.037854 0.052555
0 0.727089 0.403363 0.031406 0.045914
0 0.756891 0.395211 0.044302 0.051344
0 0.703734 0.347488 0.057177 0.040477
0 0.653797 0.321211 0.044302 0.044703
0 0.408552 0.295539 0.030604 0.059797
