0 0.658870 0.868066 0.088594 0.050133
0 0.763979 0.709199 0.050750 0.074305
0 0.842906 0.769605 0.058792 0.068258
0 0.551750 0.711918 0.082146 0.062820
0 0.570276 0.871090 0.082156 0.038055
0 0.352411 0.832426 0.082948 0.068258
0 0.229990 0.742969 0.094229 0.050141
0 0.187302 0.664500 0.052354 0.063422
0 0.896068 0.439187 0.052344 0.065844
0 0.784922 0.406867 0.060406 0.067656
0 0.371937 0.334500 0.088833 0.036000
0 0.422510 0.301539 0.090437 0.047234
0 0.517922 0.291602 0.090198 0.042422
0 0.575266 0.317102 0.091823 0.033828
0 0.601823 0.287156 0.085104 0.032406
0 0.667349 0.352473 0.097406 0.037398
0 0.804813 0.356820 0.064750 0.065422
0 0.846500 0.404531 0.048250 0.072812
0 0.929755 0.498797 0.072573 0.062719
0 0.673427 0.820953 0.104813 0.047719
