0 0.218714 0.509254 0.052344 0.053758
0 0.192536 0.557277 0.061219 0.061617
0 0.180458 0.608625 0.070875 0.035031
0 0.209854 0.664199 0.047521 0.065242
0 0.151458 0.686246 0.056375 0.063430
0 0.813677 0.529602 0.076417 0.062203
0 0.759161 0.778070 0.051260 0.051719
0 0.690203 0.813363 0.043802 0.076180
0 0.761490 0.835027 0.054042 0.060805
0 0.577443 0.822098 0.047531 0.065695
0 0.517797 0.900379 0.084802 0.046133
0 0.557870 0.914008 0.049385 0.025859
0 0.307193 0.818605 0.069885 0.043336
0 0.341208 0.854602 0.080146 0.041234
0 0.294615 0.866832 0.065229 0.055914
0 0.252214 0.760246 0.053115 0.063602
0 0.179063 0.759195 0.080146 0.061500
0 0.688339 0.861938 0.047531 0.039141
0 0.603536 0.871723 0.101573 0.040539
0 0.637547 0.821750 0.050323 0.066391
