0 0.232177 0.557207 0.070833 0.053117
0 0.226120 0.634437 0.079219 0.046828
0 0.155760 0.572934 0.080146 0.042633
0 0.193969 0.493957 0.057771 0.063602
0 0.247552 0.479633 0.054979 0.054516
0 0.316516 0.439441 0.060573 0.055211
0 0.346333 0.428957 0.038208 0.045430
0 0.396187 0.429656 0.065229 0.041234
0 0.459089 0.396809 0.084802 0.034242
0 0.508016 0.412883 0.033552 0.058016
0 0.563464 0.404496 0.079219 0.034242
0 0.724682 0.512828 0.049385 0.046828
0 0.756365 0.542531 0.040063 0.057313
0 0.796437 0.578176 0.045667 0.058711
0 0.768479 0.620461 0.045667 0.056609
0 0.709771 0.648418 0.041937 0.059414
0 0.804823 0.665895 0.040063 0.063602
0 0.758698 0.731590 0.031687 0.060805
0 0.802495 0.731941 0.039135 0.068492
0 0.694391 0.782262 0.091323 0.040539
