0 0.725828 0.512828 0.051677 0.046828
0 0.793750 0.578176 0.051042 0.058711
0 0.714219 0.647836 0.052396 0.059406
0 0.803505 0.664078 0.039385 0.059969
0 0.802755 0.733793 0.039135 0.066320
0 0.694391 0.782262 0.091323 0.040539
0 0.244042 0.477133 0.049542 0.047141
0 0.321130 0.439035 0.060573 0.055211
0 0.232703 0.556375 0.071885 0.054781
0 0.226120 0.634770 0.079219 0.047492
0 0.508016 0.412883 0.033552 0.058016
0 0.563464 0.404496 0.079219 0.034242
0 0.756365 0.542531 0.040063 0.057313
0 0.768479 0.620461 0.045667 0.056609
0 0.157792 0.574559 0.084208 0.045883
0 0.758698 0.731590 0.031687 0.060805
0 0.196083 0.493957 0.062000 0.063602
0 0.396646 0.425094 0.069958 0.033875
0 0.343854 0.425980 0.045000 0.040695
0 0.456365 0.395039 0.079354 0.034922
