0 0.480586 0.288664 0.048786 0.068422
0 0.531852 0.340406 0.044803 0.076172
0 0.587324 0.330797 0.051017 0.077188
0 0.365119 0.313102 0.086380 0.062016
0 0.426883 0.341418 0.047894 0.069430
0 0.354829 0.346133 0.085488 0.047859
0 0.420617 0.392141 0.111442 0.058312
0 0.483973 0.363441 0.056473 0.079820
0 0.621675 0.459043 0.057210 0.078555
0 0.495182 0.430902 0.060384 0.054836
0 0.535488 0.436781 0.058361 0.061359
0 0.310306 0.410254 0.081940 0.073523
0 0.266027 0.426242 0.092261 0.078297
0 0.432640 0.470148 0.046421 0.074281
0 0.381198 0.477137 0.044865 0.062633
0 0.333812 0.477578 0.042168 0.062922
0 0.296100 0.485879 0.045643 0.064383
0 0.503952 0.497438 0.103382 0.038766
0 0.589429 0.540582 0.064896 0.076508
0 0.657007 0.521031 0.061317 0.078531
0 0.673791 0.570746 0.091297 0.068086
0 0.403672 0.525469 0.109461 0.034672
0 0.298657 0.557805 0.135384 0.034078
0 0.412567 0.560715 0.105591 0.032336
0 0.384715 0.591742 0.107915 0.037281
0 0.444383 0.613992 0.063558 0.074156
0 0.313071 0.637687 0.119938 0.052578
0 0.301748 0.679043 0.106068 0.054602
0 0.557733 0.591219 0.097479 0.045734
0 0.537619 0.624137 0.095923 0.052148
0 0.490145 0.690855 0.064191 0.074023
0 0.375726 0.712215 0.082676 0.081227
0 0.415565 0.723043 0.071297 0.083930
0 0.495628 0.820777 0.051919 0.085945
0 0.531872 0.774262 0.103828 0.053586
0 0.586255 0.761793 0.097116 0.050898
0 0.692541 0.773250 0.101141 0.054266
0 0.608211 0.677039 0.094388 0.075156
0 0.636447 0.712871 0.092064 0.075742
0 0.708823 0.632773 0.112977 0.068547
0 0.651328 0.632234 0.106037 0.067891
