0 0.563558 0.296629 0.053154 0.069492
0 0.513579 0.314254 0.052822 0.071508
0 0.459455 0.269359 0.049471 0.062187
0 0.461961 0.331047 0.050477 0.065203
0 0.411395 0.316164 0.044492 0.057016
0 0.351297 0.296906 0.081473 0.052875
0 0.345083 0.325953 0.083506 0.038734
0 0.304917 0.381270 0.081224 0.069914
0 0.261795 0.399914 0.087033 0.072828
0 0.424756 0.430383 0.053766 0.071953
0 0.480835 0.404020 0.051442 0.065258
0 0.517972 0.408102 0.052998 0.066422
0 0.296680 0.455465 0.047946 0.059430
0 0.328522 0.442203 0.045197 0.060750
0 0.375099 0.440418 0.043454 0.055289
0 0.411302 0.361937 0.105882 0.051531
0 0.605814 0.407469 0.041898 0.071375
0 0.581027 0.489137 0.072241 0.075289
0 0.495285 0.455027 0.093392 0.042695
0 0.643231 0.464676 0.049990 0.073117
0 0.660301 0.510172 0.080913 0.064125
0 0.295794 0.519074 0.125757 0.037414
0 0.401193 0.480484 0.114564 0.035734
0 0.412381 0.513012 0.103828 0.032023
0 0.383288 0.542840 0.105622 0.034383
0 0.443714 0.565426 0.061763 0.077523
0 0.552277 0.537813 0.096795 0.045266
0 0.536821 0.569148 0.099969 0.042656
0 0.642370 0.575016 0.096649 0.056609
0 0.700430 0.567211 0.101380 0.057172
0 0.606188 0.615812 0.086151 0.068453
0 0.634601 0.649563 0.087583 0.071000
0 0.699793 0.707699 0.098859 0.061367
0 0.494222 0.639195 0.073548 0.075781
0 0.378050 0.665254 0.068527 0.076539
0 0.425690 0.672930 0.068205 0.078297
0 0.311172 0.596441 0.101929 0.052617
0 0.306157 0.636219 0.103932 0.051109
0 0.593371 0.703695 0.102635 0.054922
0 0.543553 0.719598 0.098392 0.050992
0 0.514020 0.772375 0.060425 0.083594
