0 0.413703 0.488444 0.069906 0.051867
0 0.418840 0.535062 0.072383 0.050539
0 0.435660 0.565290 0.067961 0.055954
0 0.428184 0.617184 0.070680 0.055944
0 0.494281 0.592370 0.064906 0.053247
0 0.560441 0.662936 0.069664 0.052344
0 0.507094 0.664289 0.051312 0.089346
0 0.474637 0.654818 0.047570 0.083932
0 0.579133 0.710093 0.062188 0.051888
0 0.464781 0.763786 0.032625 0.102427
0 0.411090 0.783185 0.036023 0.089793
0 0.367762 0.752733 0.068992 0.044222
0 0.374559 0.820643 0.032961 0.093402
0 0.388320 0.680985 0.044859 0.095664
0 0.423156 0.684595 0.047234 0.086639
0 0.540648 0.755804 0.069328 0.053890
0 0.492918 0.922661 0.066617 0.055052
0 0.416457 0.914538 0.057773 0.071297
0 0.561738 0.867614 0.053352 0.089336
0 0.564344 0.583242 0.063734 0.079554
0 0.411504 0.389149 0.071664 0.046411
0 0.352316 0.488013 0.073133 0.043683
0 0.336262 0.634103 0.061852 0.083019
0 0.498629 0.428843 0.052680 0.094761
0 0.534828 0.424424 0.031391 0.100882
0 0.471824 0.490576 0.032758 0.070073
0 0.597156 0.488454 0.037766 0.093631
0 0.626273 0.654881 0.035937 0.080944
0 0.653113 0.655783 0.026836 0.070674
0 0.677680 0.655783 0.024109 0.069471
0 0.665113 0.813610 0.064320 0.068631
0 0.706027 0.579523 0.027523 0.081971
0 0.633957 0.462552 0.034523 0.089315
0 0.583211 0.430348 0.057266 0.075156
