0 0.420805 0.368812 0.070375 0.046981
0 0.364059 0.468864 0.068305 0.044222
0 0.544961 0.389346 0.031219 0.069772
0 0.506504 0.398615 0.050258 0.078869
0 0.425723 0.465607 0.068414 0.044907
0 0.429652 0.516250 0.073914 0.056380
0 0.447148 0.545742 0.068813 0.052728
0 0.509074 0.566105 0.066055 0.051691
0 0.438301 0.593776 0.070773 0.052739
0 0.351211 0.614658 0.064094 0.076743
0 0.402125 0.656945 0.043250 0.080923
0 0.439484 0.661126 0.052687 0.087189
0 0.577738 0.555124 0.064320 0.069025
0 0.522402 0.641468 0.054336 0.086961
0 0.478137 0.738563 0.033648 0.096566
0 0.428184 0.757739 0.037039 0.087988
0 0.384348 0.728185 0.072383 0.057759
0 0.392332 0.797671 0.035336 0.095654
0 0.433957 0.888371 0.057430 0.072199
0 0.553922 0.727054 0.067625 0.055498
0 0.595887 0.685773 0.065930 0.051442
0 0.574582 0.637624 0.068305 0.051432
0 0.617094 0.735965 0.067844 0.050311
0 0.504168 0.837941 0.071664 0.042894
0 0.508277 0.898724 0.066961 0.045913
0 0.575379 0.838273 0.052430 0.084471
0 0.534145 0.756613 0.066945 0.060010
0 0.528875 0.793838 0.068641 0.046929
0 0.483758 0.467816 0.027422 0.061463
0 0.642437 0.439160 0.035281 0.092697
0 0.675082 0.783288 0.069195 0.066307
