0 0.446641 0.659715 0.064875 0.049077
0 0.442281 0.171032 0.066969 0.049139
0 0.359488 0.282256 0.067258 0.050695
0 0.426598 0.282064 0.069320 0.040166
0 0.431004 0.329637 0.066383 0.038610
0 0.513684 0.242282 0.035539 0.092427
0 0.484312 0.309554 0.034953 0.085021
0 0.551277 0.251644 0.031430 0.078392
0 0.444324 0.376053 0.062867 0.055052
0 0.334391 0.409212 0.065922 0.084378
0 0.381457 0.465845 0.032961 0.085737
0 0.440590 0.420047 0.069664 0.052790
0 0.505836 0.425908 0.058109 0.067230
0 0.571422 0.436063 0.060828 0.060467
0 0.419688 0.487505 0.039422 0.082127
0 0.467262 0.470130 0.042820 0.083475
0 0.501078 0.489310 0.044516 0.085737
0 0.553918 0.511193 0.071367 0.051888
0 0.596027 0.283506 0.066945 0.062718
0 0.640883 0.330207 0.041797 0.086639
0 0.599594 0.345550 0.039422 0.077614
0 0.693488 0.461374 0.030586 0.085280
0 0.390125 0.578242 0.035000 0.086629
0 0.352910 0.533568 0.070680 0.043320
0 0.351043 0.602158 0.039086 0.092054
0 0.443305 0.566961 0.036016 0.092946
0 0.385105 0.698086 0.048758 0.071525
0 0.455094 0.718973 0.064484 0.047510
0 0.526258 0.671463 0.049547 0.079876
0 0.623375 0.681380 0.055047 0.069440
0 0.572066 0.558693 0.054648 0.062137
0 0.697691 0.525021 0.060555 0.044896
0 0.677438 0.580099 0.067234 0.037064
0 0.659551 0.458714 0.039320 0.059523
0 0.511004 0.332790 0.044430 0.074129
0 0.620063 0.513242 0.038766 0.065902
0 0.528012 0.579585 0.060992 0.078361
0 0.504098 0.595757 0.052648 0.074585
0 0.484902 0.620809 0.049805 0.071079
