0 0.637129 0.374647 0.021070 0.075166
0 0.736016 0.561094 0.032891 0.070197
0 0.697980 0.548029 0.026727 0.075270
0 0.523578 0.403610 0.036203 0.061473
0 0.603059 0.452879 0.061945 0.031981
0 0.442906 0.455679 0.054422 0.042293
0 0.487941 0.456686 0.051195 0.051359
0 0.556754 0.519694 0.046945 0.073122
0 0.416121 0.541540 0.049586 0.039326
0 0.466359 0.511250 0.032031 0.068454
0 0.376301 0.489839 0.051117 0.053019
0 0.371184 0.424637 0.054398 0.054627
0 0.292219 0.521478 0.061844 0.050093
0 0.261465 0.398522 0.037039 0.059554
0 0.388922 0.345882 0.026547 0.059917
0 0.433953 0.356333 0.052906 0.046068
0 0.474805 0.316369 0.034000 0.069585
0 0.518574 0.364554 0.048508 0.061577
0 0.478668 0.395493 0.046383 0.062230
0 0.465895 0.422002 0.046398 0.050228
0 0.525898 0.591945 0.050250 0.056898
0 0.467781 0.587158 0.061813 0.050353
0 0.483074 0.625145 0.058133 0.044834
0 0.594074 0.593817 0.054570 0.054834
0 0.659910 0.546317 0.030492 0.071369
0 0.431547 0.665825 0.041453 0.073102
0 0.609105 0.656167 0.042289 0.068247
0 0.569016 0.652469 0.042000 0.067075
0 0.573980 0.749652 0.048461 0.058890
0 0.615980 0.735026 0.040242 0.079554
0 0.368488 0.537951 0.052977 0.044761
0 0.403594 0.262645 0.048484 0.044564
0 0.668055 0.392816 0.039062 0.062396
0 0.590809 0.401784 0.027320 0.070975
0 0.605957 0.488408 0.054898 0.037645
0 0.558078 0.443496 0.036219 0.065705
0 0.650285 0.624429 0.044898 0.040996
0 0.481668 0.695638 0.049633 0.042894
0 0.501230 0.492796 0.049836 0.051276
0 0.705863 0.459056 0.032992 0.072759
0 0.703352 0.627816 0.045219 0.071525
