0 0.610219 0.273828 0.062109 0.071992
0 0.657852 0.324502 0.074219 0.058714
0 0.544684 0.293397 0.066852 0.049616
0 0.550738 0.333237 0.061055 0.041245
0 0.605746 0.363294 0.036320 0.088766
0 0.541523 0.379020 0.065797 0.046131
0 0.475469 0.379362 0.070531 0.037044
0 0.442570 0.413262 0.068953 0.039139
0 0.510207 0.427588 0.069477 0.044035
0 0.662328 0.431784 0.069484 0.049627
0 0.663910 0.377619 0.071586 0.043330
0 0.390805 0.467484 0.078641 0.039160
0 0.458434 0.465918 0.064477 0.043330
0 0.373109 0.520213 0.073922 0.040197
0 0.441723 0.509512 0.059367 0.038631
0 0.559875 0.486276 0.062125 0.041245
0 0.533336 0.523610 0.068016 0.052199
0 0.604109 0.484191 0.027922 0.088237
0 0.669578 0.509772 0.031453 0.091369
0 0.375453 0.556504 0.062938 0.044896
0 0.432680 0.592521 0.064875 0.038631
0 0.594086 0.596177 0.059766 0.035508
0 0.583863 0.623849 0.061336 0.037593
0 0.441133 0.635596 0.062125 0.033932
0 0.364855 0.608973 0.062914 0.047510
0 0.502668 0.599051 0.027133 0.057956
0 0.529992 0.600877 0.029094 0.057438
0 0.476129 0.657521 0.032242 0.045415
