0 0.599203 0.489725 0.046859 0.069471
0 0.507977 0.626862 0.068031 0.036068
0 0.452258 0.667816 0.065750 0.039098
0 0.442355 0.613045 0.065242 0.041463
0 0.380797 0.665290 0.073109 0.040788
0 0.599051 0.571722 0.033352 0.077490
0 0.645781 0.540555 0.064500 0.053019
0 0.652508 0.643807 0.062188 0.044066
0 0.472406 0.581193 0.057266 0.036763
0 0.538398 0.580182 0.067125 0.041297
0 0.540633 0.500622 0.053094 0.040290
0 0.527719 0.729087 0.067625 0.052801
0 0.598402 0.693874 0.031602 0.085695
0 0.665176 0.719383 0.027867 0.088890
0 0.430297 0.713221 0.058891 0.039098
0 0.326527 0.838568 0.042648 0.042801
0 0.417785 0.810420 0.070820 0.041795
0 0.423750 0.859466 0.066500 0.036732
0 0.489242 0.820197 0.030969 0.061349
0 0.521352 0.822894 0.032234 0.063361
0 0.587051 0.815026 0.058570 0.032334
0 0.575422 0.847946 0.062531 0.033506
0 0.345535 0.725083 0.043758 0.044855
0 0.343625 0.772075 0.045234 0.042116
0 0.395285 0.905773 0.038539 0.040197
