0 0.487137 0.501121 0.067531 0.032227
0 0.465057 0.409602 0.076089 0.033375
0 0.534652 0.486789 0.038039 0.055609
0 0.336390 0.439094 0.070270 0.022250
0 0.437977 0.471453 0.072054 0.037750
0 0.401955 0.395949 0.052811 0.043820
0 0.496831 0.457297 0.035799 0.051234
0 0.402012 0.565312 0.042199 0.055672
0 0.331789 0.484445 0.037707 0.052281
0 0.357889 0.491309 0.033454 0.048711
0 0.451437 0.448969 0.067500 0.034000
0 0.454710 0.558523 0.056162 0.037766
0 0.512713 0.551098 0.063849 0.032977
0 0.438828 0.526426 0.071203 0.033992
0 0.349398 0.549211 0.067531 0.033234
