0 0.647563 0.347106 0.048672 0.071888
0 0.558105 0.469678 0.060945 0.037593
0 0.439516 0.498480 0.065234 0.036732
0 0.505258 0.505389 0.061688 0.033039
0 0.495742 0.452640 0.056859 0.034720
0 0.484062 0.545835 0.053812 0.035052
0 0.574305 0.565389 0.062188 0.048537
0 0.703766 0.562521 0.029953 0.081577
0 0.616953 0.674585 0.058797 0.033216
0 0.472703 0.629575 0.058578 0.035249
0 0.475773 0.674730 0.057703 0.035249
0 0.453285 0.717848 0.034227 0.037583
0 0.538410 0.644870 0.030273 0.060591
0 0.566602 0.650700 0.032250 0.058849
0 0.639949 0.538050 0.030055 0.076328
0 0.599250 0.532951 0.057484 0.036421
0 0.668359 0.537614 0.025453 0.077780
0 0.645430 0.423517 0.030969 0.069772
0 0.694551 0.394533 0.060164 0.046846
0 0.696965 0.444751 0.060414 0.034046
0 0.528234 0.425571 0.057078 0.035000
0 0.592133 0.428714 0.049875 0.035249
0 0.593746 0.354243 0.054414 0.036763
0 0.408488 0.551043 0.039930 0.032334
0 0.408812 0.592552 0.042781 0.037282
0 0.390934 0.649502 0.034227 0.036411
0 0.506125 0.711784 0.033563 0.040788
0 0.538168 0.710778 0.032430 0.039772
0 0.626211 0.642163 0.059672 0.038745
