0 0.519359 0.654180 0.035000 0.055954
0 0.648328 0.534637 0.028297 0.078942
0 0.485094 0.719616 0.032422 0.042054
0 0.517801 0.715337 0.035648 0.039533
0 0.433383 0.731120 0.039766 0.037448
0 0.454621 0.690057 0.060492 0.034741
0 0.451734 0.643128 0.063547 0.039263
0 0.463457 0.552656 0.061164 0.039710
0 0.558777 0.570705 0.066945 0.046929
0 0.598539 0.676748 0.060828 0.031587
0 0.612641 0.650124 0.056406 0.032490
0 0.679715 0.435560 0.054633 0.035104
0 0.576918 0.388833 0.050008 0.039098
0 0.575777 0.344004 0.053820 0.039772
0 0.675742 0.383138 0.058391 0.048537
0 0.630559 0.332920 0.043664 0.068081
0 0.631105 0.415944 0.032898 0.076826
0 0.676527 0.487863 0.063461 0.044834
0 0.624363 0.535052 0.029195 0.078527
0 0.689602 0.560503 0.028172 0.082915
0 0.567871 0.427521 0.067258 0.044461
0 0.506926 0.426162 0.058742 0.037054
0 0.475941 0.455799 0.062555 0.036266
0 0.542758 0.472765 0.066375 0.035882
0 0.485191 0.510591 0.061086 0.036660
0 0.417051 0.505913 0.064617 0.036660
0 0.374910 0.665960 0.059648 0.049886
0 0.384555 0.608159 0.046453 0.039429
0 0.395727 0.560124 0.065234 0.046515
0 0.549602 0.655985 0.032281 0.055954
