0 0.475395 0.477412 0.059195 0.110405
0 0.534586 0.561146 0.063422 0.098247
0 0.302047 0.412381 0.084563 0.051463
0 0.408098 0.462443 0.089492 0.052396
0 0.416906 0.511582 0.085969 0.057127
0 0.579688 0.672962 0.042281 0.108537
0 0.517676 0.666878 0.060602 0.057075
0 0.504992 0.709455 0.073281 0.052396
0 0.378152 0.592028 0.043695 0.109471
0 0.331645 0.582199 0.063414 0.048651
0 0.300992 0.662671 0.042984 0.072977
0 0.335871 0.667350 0.038055 0.072977
0 0.326711 0.471795 0.084563 0.056141
0 0.331012 0.528402 0.060461 0.057075
0 0.705059 0.600415 0.046523 0.100207
0 0.623891 0.587459 0.032031 0.070207
0 0.590539 0.545944 0.038609 0.099046
0 0.594512 0.425280 0.051117 0.070788
0 0.643695 0.372469 0.075031 0.078071
0 0.594332 0.281872 0.072180 0.075156
0 0.603551 0.327313 0.067789 0.068755
0 0.519500 0.377241 0.066250 0.061349
0 0.469832 0.561758 0.068727 0.053434
0 0.490605 0.617111 0.070867 0.051566
0 0.414344 0.683703 0.048922 0.054772
0 0.434438 0.374647 0.070344 0.073548
0 0.473180 0.327277 0.060828 0.052790
0 0.527207 0.304938 0.069664 0.057759
0 0.753316 0.497723 0.061383 0.050695
0 0.763012 0.463013 0.060211 0.051483
0 0.630000 0.500840 0.066766 0.068755
