0 0.149207 0.507521 0.107617 0.059544
0 0.467590 0.276390 0.048102 0.136411
0 0.325316 0.297500 0.070117 0.137490
0 0.366082 0.288299 0.066852 0.127739
0 0.268242 0.437697 0.099469 0.090934
0 0.284145 0.378693 0.098648 0.092012
0 0.394699 0.465031 0.090039 0.075187
0 0.426938 0.377583 0.038922 0.088237
0 0.461145 0.434751 0.042070 0.123216
0 0.502035 0.421961 0.046789 0.125830
0 0.569469 0.462163 0.092797 0.051691
0 0.562516 0.396898 0.081219 0.050083
0 0.573391 0.338237 0.059469 0.046473
0 0.556094 0.287946 0.076359 0.048361
0 0.634582 0.235581 0.089648 0.063693
0 0.656602 0.300316 0.068422 0.061608
0 0.734637 0.355026 0.048758 0.068641
0 0.531035 0.549004 0.046523 0.119564
0 0.304680 0.520379 0.094281 0.065135
0 0.199426 0.565420 0.073867 0.114263
0 0.214023 0.634175 0.068531 0.115612
0 0.319785 0.667044 0.083367 0.106328
0 0.203527 0.761276 0.071961 0.118942
0 0.278277 0.699461 0.089289 0.113091
0 0.372375 0.788957 0.076406 0.111566
0 0.369770 0.715996 0.076273 0.109108
0 0.443094 0.752251 0.077172 0.113257
0 0.500613 0.735130 0.095398 0.071504
0 0.379043 0.585119 0.051398 0.116214
0 0.422957 0.591945 0.051102 0.081504
0 0.481109 0.649855 0.093984 0.070975
0 0.575574 0.695928 0.099508 0.069098
0 0.734254 0.664165 0.096039 0.053039
0 0.616773 0.541795 0.068531 0.073817
0 0.606109 0.587972 0.070062 0.067749
0 0.726703 0.597329 0.090031 0.050114
0 0.722578 0.524756 0.053469 0.045944
0 0.810062 0.534155 0.047578 0.045944
0 0.745898 0.457930 0.057406 0.048558
0 0.787473 0.369772 0.048461 0.074876
0 0.679438 0.432832 0.046078 0.085062
