0 0.710997 0.540030 0.026399 0.035904
0 0.588606 0.606324 0.057410 0.022004
0 0.564043 0.562035 0.054404 0.019939
0 0.501291 0.658263 0.052870 0.032668
0 0.655099 0.348287 0.050090 0.020393
0 0.688565 0.374617 0.030542 0.024171
0 0.704508 0.430799 0.035244 0.034272
0 0.692491 0.511506 0.025505 0.034496
0 0.548064 0.488544 0.035677 0.039824
0 0.502378 0.491699 0.052789 0.030034
0 0.419892 0.641053 0.046209 0.027969
0 0.408457 0.472607 0.048664 0.043304
0 0.598822 0.323280 0.038601 0.031476
0 0.533876 0.317109 0.044305 0.040785
0 0.556548 0.419590 0.043872 0.030284
0 0.679088 0.457278 0.038105 0.031781
0 0.393136 0.509783 0.034810 0.039824
0 0.407879 0.551615 0.067690 0.020873
0 0.550487 0.648670 0.038845 0.038612
0 0.496588 0.341882 0.041949 0.039756
