0 0.430203 0.442041 0.031886 0.043311
0 0.434201 0.608358 0.056652 0.036676
0 0.451449 0.650051 0.040857 0.041185
0 0.505352 0.635667 0.049892 0.020311
0 0.539197 0.602488 0.063935 0.023514
0 0.485596 0.535393 0.054368 0.020102
0 0.316697 0.386699 0.060415 0.018883
0 0.330456 0.397905 0.056381 0.018626
0 0.346733 0.406591 0.043971 0.015863
0 0.392044 0.408101 0.054702 0.022404
0 0.465041 0.383555 0.054702 0.020393
0 0.465546 0.353842 0.034901 0.034997
0 0.564233 0.485873 0.050866 0.018937
0 0.520934 0.476550 0.034955 0.045735
0 0.449671 0.478443 0.057085 0.025051
0 0.575492 0.573995 0.060966 0.020975
0 0.523457 0.509032 0.065632 0.021557
0 0.681548 0.417309 0.039088 0.030677
0 0.322568 0.365173 0.042626 0.016615
0 0.551309 0.541036 0.047383 0.037508
0 0.569192 0.533307 0.045316 0.037231
0 0.587261 0.523406 0.039143 0.035680
0 0.622753 0.494465 0.053556 0.024719
0 0.629905 0.511605 0.051020 0.027258
0 0.383132 0.600552 0.043375 0.037989
0 0.465943 0.502492 0.059666 0.018050
0 0.459675 0.519607 0.056155 0.019932
0 0.576597 0.461117 0.038610 0.020122
0 0.622730 0.450206 0.054161 0.023135
0 0.612076 0.432343 0.052906 0.025389
0 0.319152 0.561584 0.055162 0.025389
0 0.286936 0.521148 0.083980 0.029905
0 0.317292 0.474072 0.065632 0.029133
0 0.369603 0.438097 0.034946 0.038158
0 0.403190 0.457613 0.028348 0.039330
0 0.471927 0.445670 0.037662 0.038165
0 0.451151 0.411588 0.053583 0.029418
0 0.542216 0.427316 0.032229 0.042823
0 0.583958 0.421638 0.034955 0.024469
0 0.480718 0.603429 0.037590 0.041794
0 0.436079 0.566039 0.048998 0.028951
0 0.438430 0.587065 0.046318 0.020643
0 0.429964 0.548571 0.051643 0.033852
0 0.503511 0.573561 0.053087 0.020014
0 0.492775 0.555064 0.051922 0.020894
0 0.330104 0.330738 0.027843 0.041557
0 0.569756 0.398284 0.050686 0.023162
0 0.347171 0.532529 0.040135 0.028023
0 0.342265 0.550863 0.054404 0.031219
0 0.509368 0.382861 0.047022 0.027955
0 0.514138 0.368395 0.050912 0.027312
0 0.504887 0.290251 0.039865 0.031550
0 0.512662 0.295251 0.043339 0.032830
0 0.575523 0.325362 0.045505 0.033500
0 0.443380 0.279469 0.040316 0.032640
0 0.360131 0.335762 0.018565 0.033731
0 0.385645 0.349343 0.030984 0.031537
0 0.409481 0.352028 0.029684 0.034292
0 0.365713 0.378037 0.049621 0.039174
0 0.372888 0.253270 0.033357 0.035030
0 0.566047 0.257945 0.031588 0.021063
0 0.670487 0.350267 0.040866 0.030840
0 0.653190 0.335410 0.046381 0.033094
0 0.688917 0.369357 0.046625 0.031781
0 0.566566 0.380281 0.049666 0.024421
0 0.299923 0.579093 0.071453 0.029898
0 0.280077 0.498463 0.081218 0.037766
0 0.614057 0.343348 0.041110 0.021253
0 0.605898 0.275772 0.050009 0.028199
0 0.333547 0.285965 0.039603 0.033487
0 0.418123 0.247698 0.047653 0.017373
0 0.322459 0.441476 0.067951 0.020095
0 0.416200 0.380196 0.040325 0.043521
0 0.515781 0.422522 0.049901 0.039384
