0 0.746882 0.516984 0.042933 0.038084
0 0.624558 0.595626 0.057437 0.021110
0 0.569183 0.532817 0.051218 0.042464
0 0.502180 0.528142 0.056309 0.032627
0 0.522563 0.561933 0.050487 0.040779
0 0.502762 0.598781 0.062130 0.027678
0 0.576733 0.588879 0.040776 0.047481
0 0.571737 0.762776 0.057392 0.022410
0 0.644061 0.689259 0.062419 0.023920
0 0.542035 0.730298 0.048330 0.047082
0 0.586805 0.626693 0.063430 0.024421
0 0.554418 0.656777 0.046309 0.021652
0 0.438344 0.527464 0.065442 0.026168
0 0.521958 0.419838 0.030108 0.036398
0 0.515668 0.457925 0.032798 0.035051
0 0.648885 0.352089 0.056616 0.028984
0 0.373461 0.377536 0.048529 0.034042
0 0.457261 0.343829 0.055262 0.029323
0 0.460496 0.492674 0.044928 0.047529
0 0.367035 0.556374 0.070948 0.021442
0 0.323741 0.618260 0.078439 0.030724
0 0.335050 0.643619 0.093764 0.028592
0 0.437829 0.728328 0.050875 0.039621
0 0.619797 0.663023 0.042951 0.030975
0 0.607171 0.726195 0.067049 0.023737
0 0.690379 0.621330 0.069477 0.027441
0 0.686015 0.599550 0.063439 0.025680
0 0.620320 0.480880 0.060171 0.029154
0 0.626963 0.502979 0.055406 0.028964
