0 0.771177 0.416715 0.054595 0.067070
0 0.693081 0.398004 0.048776 0.077523
0 0.639149 0.379469 0.055498 0.074156
0 0.521935 0.342891 0.073019 0.074484
0 0.312059 0.528008 0.068620 0.065781
0 0.338750 0.600582 0.077645 0.063695
0 0.434414 0.510520 0.065156 0.046461
0 0.469072 0.536625 0.073475 0.049594
0 0.498190 0.425164 0.066546 0.072047
0 0.460062 0.439781 0.063776 0.058469
0 0.588309 0.469016 0.054066 0.044906
0 0.654855 0.459355 0.060996 0.048555
0 0.734232 0.470320 0.090809 0.033938
0 0.706151 0.491203 0.102593 0.034984
0 0.685010 0.543672 0.043672 0.053250
0 0.636489 0.553594 0.056151 0.060562
0 0.589694 0.411586 0.092894 0.030281
0 0.406333 0.451789 0.119927 0.060562
0 0.380337 0.475277 0.091504 0.057430
0 0.430124 0.610262 0.080270 0.053820
0 0.540420 0.557813 0.074056 0.057328
0 0.514793 0.578871 0.076639 0.054992
0 0.533843 0.469012 0.069907 0.053430
