0 0.677459 0.450931 0.043294 0.036757
0 0.522049 0.562485 0.062076 0.024157
0 0.439666 0.534523 0.058014 0.023507
0 0.510514 0.696693 0.058664 0.024259
0 0.455862 0.711361 0.047626 0.046080
0 0.430289 0.672810 0.055162 0.040812
0 0.290144 0.641798 0.067798 0.026940
0 0.312969 0.625433 0.067798 0.030460
0 0.433172 0.464560 0.059161 0.027833
0 0.454359 0.500856 0.047888 0.043257
0 0.414874 0.492864 0.031588 0.041936
0 0.500361 0.469898 0.050144 0.040812
0 0.510388 0.526422 0.038105 0.043649
0 0.567676 0.507326 0.045875 0.020122
0 0.564292 0.534221 0.046634 0.022756
0 0.622085 0.535230 0.057852 0.026168
0 0.629950 0.553186 0.057969 0.029594
0 0.487049 0.592089 0.054910 0.021063
0 0.491688 0.612024 0.052653 0.024076
0 0.503218 0.630454 0.053150 0.021814
0 0.581164 0.624438 0.058664 0.024638
0 0.515370 0.645173 0.054224 0.021368
0 0.453272 0.560900 0.062356 0.018267
0 0.456363 0.576439 0.047563 0.019188
0 0.299531 0.322925 0.040036 0.036561
0 0.331873 0.281256 0.035677 0.032424
0 0.384233 0.280494 0.053375 0.025674
0 0.543682 0.270768 0.042617 0.020684
0 0.566751 0.293338 0.054152 0.032729
0 0.642685 0.357319 0.044883 0.034232
0 0.600943 0.376222 0.047626 0.023507
0 0.554657 0.420183 0.060018 0.027150
0 0.441471 0.432231 0.057491 0.024448
0 0.443755 0.394127 0.028718 0.032640
0 0.392604 0.430227 0.039431 0.050230
0 0.259865 0.559553 0.078971 0.032160
0 0.263750 0.583815 0.071200 0.028023
0 0.358867 0.323338 0.034883 0.013649
0 0.450095 0.354973 0.027031 0.027684
0 0.302333 0.414171 0.065442 0.021151
0 0.371525 0.467285 0.066137 0.031550
0 0.491877 0.329299 0.049892 0.030027
0 0.482739 0.316026 0.034522 0.021327
