0 0.518314 0.555957 0.076691 0.058664
0 0.720259 0.458676 0.098382 0.040555
0 0.689964 0.479734 0.106151 0.036656
0 0.620664 0.551770 0.046992 0.052242
0 0.665420 0.542164 0.044305 0.052578
0 0.677147 0.382508 0.056909 0.080766
0 0.618729 0.359945 0.057521 0.071750
0 0.494108 0.325199 0.079087 0.078961
0 0.513911 0.453605 0.065768 0.042898
0 0.568024 0.396082 0.095280 0.033148
0 0.564139 0.458090 0.061618 0.043289
0 0.358947 0.554152 0.100654 0.055055
0 0.443128 0.533621 0.082085 0.058211
0 0.402386 0.500230 0.078485 0.041961
0 0.638963 0.449121 0.071452 0.050305
0 0.491053 0.581227 0.080882 0.062266
0 0.560825 0.505020 0.100571 0.053023
0 0.406276 0.616645 0.073091 0.050086
0 0.304424 0.603109 0.080280 0.076250
0 0.278366 0.524594 0.076089 0.067234
0 0.347324 0.467969 0.097054 0.060469
0 0.371587 0.439539 0.121618 0.063172
0 0.433895 0.428937 0.066504 0.061813
0 0.470747 0.411340 0.075498 0.076258
0 0.757733 0.398527 0.062313 0.075805
