0 0.522453 0.443902 0.061691 0.068914
0 0.390047 0.532918 0.088039 0.045414
0 0.456945 0.537617 0.052687 0.067344
0 0.492988 0.522477 0.062386 0.069437
0 0.632671 0.488805 0.054761 0.077266
0 0.680503 0.499246 0.049222 0.062648
0 0.755716 0.528480 0.062386 0.068914
0 0.582417 0.515691 0.097054 0.043336
0 0.522801 0.565551 0.072095 0.050117
0 0.574787 0.567895 0.069326 0.042289
0 0.643418 0.563461 0.067936 0.049078
0 0.302220 0.614125 0.075602 0.060062
0 0.373164 0.642980 0.086992 0.052258
0 0.429865 0.595797 0.084398 0.055375
0 0.454201 0.627773 0.087510 0.054594
0 0.402422 0.700895 0.078185 0.058883
0 0.319051 0.685508 0.091649 0.065547
0 0.492267 0.676910 0.081815 0.064742
0 0.524367 0.654293 0.072490 0.060055
0 0.563983 0.614906 0.087510 0.056156
0 0.618351 0.661117 0.035726 0.052641
0 0.657189 0.652148 0.046079 0.050313
0 0.691468 0.597242 0.092189 0.040109
0 0.722573 0.580219 0.086369 0.040453
