0 0.525026 0.444234 0.062915 0.074000
0 0.636468 0.485746 0.053330 0.072195
0 0.686795 0.498828 0.049730 0.066781
0 0.758973 0.526582 0.046784 0.073555
0 0.493994 0.523285 0.057510 0.075805
0 0.456846 0.537051 0.050332 0.063617
0 0.399927 0.536371 0.106639 0.050539
0 0.375062 0.564574 0.084481 0.057305
0 0.301074 0.613531 0.071898 0.062266
0 0.373563 0.644668 0.086276 0.057758
0 0.313050 0.686629 0.083880 0.062273
0 0.401727 0.703777 0.075488 0.055945
0 0.498786 0.685277 0.064710 0.049633
0 0.528143 0.659105 0.062303 0.049633
0 0.422692 0.599770 0.067106 0.050086
0 0.451452 0.630676 0.073091 0.049633
0 0.522152 0.567508 0.071898 0.055953
0 0.575472 0.568859 0.061110 0.048734
0 0.644673 0.560516 0.066504 0.048281
0 0.727355 0.579012 0.094066 0.045570
0 0.695596 0.595934 0.101255 0.042414
0 0.568288 0.611500 0.083880 0.050984
0 0.621909 0.660230 0.043734 0.053695
0 0.662350 0.653691 0.043143 0.054148
0 0.581468 0.512910 0.087479 0.035195
