0 0.531151 0.447328 0.061100 0.065516
0 0.644295 0.489055 0.052303 0.067859
0 0.691675 0.507582 0.047645 0.068242
0 0.763911 0.532348 0.052303 0.071758
0 0.499876 0.523609 0.057469 0.062781
0 0.465700 0.541742 0.056442 0.063953
0 0.407707 0.539602 0.100975 0.047969
0 0.376634 0.563582 0.071981 0.050695
0 0.310571 0.618203 0.072054 0.058984
0 0.369865 0.642137 0.063548 0.043477
0 0.429611 0.604723 0.063102 0.048195
0 0.457811 0.636914 0.059523 0.047859
0 0.318045 0.699746 0.069201 0.054383
0 0.410980 0.708934 0.073205 0.054133
0 0.506592 0.682121 0.067189 0.061430
0 0.535176 0.659840 0.061515 0.058164
0 0.533200 0.566305 0.066193 0.042547
0 0.584186 0.574992 0.061172 0.046828
0 0.584186 0.612125 0.065861 0.040031
0 0.629352 0.666309 0.037438 0.052367
0 0.668968 0.655355 0.043122 0.054133
0 0.700617 0.601527 0.102500 0.037289
0 0.728465 0.586527 0.092448 0.043398
0 0.655555 0.566867 0.059575 0.042531
0 0.591846 0.518062 0.089066 0.033031
