0 0.520197 0.531449 0.051473 0.059992
0 0.619098 0.570711 0.046992 0.063703
0 0.662287 0.582004 0.042064 0.049883
0 0.728081 0.610148 0.043859 0.060328
0 0.493340 0.602059 0.052365 0.061008
0 0.463133 0.616047 0.051017 0.060000
0 0.404082 0.610316 0.081400 0.036398
0 0.380762 0.639086 0.060674 0.047875
0 0.319580 0.687844 0.064927 0.055672
0 0.377770 0.708246 0.060934 0.038930
0 0.431209 0.672891 0.051940 0.037422
0 0.454927 0.704109 0.067427 0.047578
0 0.525503 0.726773 0.057936 0.046266
0 0.502152 0.749906 0.059180 0.045141
0 0.413252 0.767867 0.070674 0.049844
0 0.333470 0.753289 0.080322 0.054359
0 0.607059 0.729566 0.041317 0.045695
0 0.643320 0.722168 0.038133 0.043086
0 0.672111 0.673191 0.079409 0.035539
0 0.697972 0.657391 0.071691 0.036297
0 0.632407 0.640188 0.048942 0.036484
0 0.566603 0.646672 0.052189 0.037422
0 0.523657 0.640371 0.057189 0.039867
0 0.570975 0.681371 0.055934 0.034977
0 0.573351 0.596402 0.074170 0.025961
