0 0.701515 0.703039 0.091660 0.031203
0 0.762873 0.645324 0.047635 0.062398
0 0.788766 0.672816 0.049710 0.064352
0 0.549461 0.787543 0.060415 0.069773
0 0.515228 0.814844 0.056390 0.068422
0 0.470249 0.777766 0.051473 0.057641
0 0.408709 0.793609 0.046546 0.069766
0 0.337106 0.734453 0.067137 0.037750
0 0.349637 0.776066 0.080560 0.044117
0 0.498786 0.713422 0.046411 0.047484
0 0.555840 0.685020 0.071556 0.032633
0 0.575368 0.715023 0.079678 0.038453
0 0.599938 0.746777 0.092448 0.043695
0 0.430861 0.732094 0.070788 0.037578
0 0.352728 0.687672 0.032095 0.054766
0 0.401660 0.688109 0.038672 0.053313
0 0.448657 0.676309 0.048351 0.053023
0 0.355145 0.635027 0.075083 0.039383
0 0.406411 0.601293 0.038838 0.059273
0 0.468548 0.576527 0.077158 0.044070
0 0.490036 0.614750 0.071463 0.035484
0 0.597744 0.620285 0.078703 0.034320
0 0.596712 0.647195 0.076639 0.028078
0 0.659627 0.662793 0.077158 0.061617
0 0.688620 0.601566 0.049191 0.042898
0 0.738076 0.588695 0.043496 0.039781
0 0.826878 0.607027 0.090622 0.036664
0 0.527682 0.562027 0.044865 0.056508
0 0.622490 0.559641 0.074544 0.045047
0 0.606598 0.520035 0.058942 0.041992
0 0.655726 0.501219 0.050477 0.051109
0 0.680467 0.525895 0.055166 0.050602
0 0.727604 0.524762 0.046473 0.038773
0 0.773237 0.553840 0.037448 0.062695
0 0.515835 0.647785 0.052687 0.043820
