0 0.613128 0.500234 0.060902 0.051906
0 0.403885 0.494047 0.085073 0.032484
0 0.456909 0.485926 0.044938 0.048727
0 0.548874 0.468781 0.077894 0.037000
0 0.535389 0.429301 0.046131 0.039258
0 0.586162 0.410309 0.052365 0.045836
0 0.601603 0.428848 0.048330 0.033711
0 0.638750 0.435086 0.042064 0.035391
0 0.678133 0.446715 0.042967 0.039773
0 0.344938 0.521602 0.044502 0.062234
0 0.662448 0.500105 0.046224 0.043523
0 0.374035 0.590363 0.052303 0.048305
0 0.288864 0.553828 0.068475 0.041125
0 0.428942 0.529395 0.082801 0.038086
0 0.518226 0.522480 0.078776 0.034383
0 0.583340 0.550797 0.065788 0.051906
0 0.513102 0.554672 0.061349 0.030672
0 0.481525 0.582477 0.076079 0.032359
0 0.494730 0.610957 0.072054 0.034039
0 0.501955 0.644730 0.082770 0.040195
0 0.617417 0.599285 0.082386 0.043117
0 0.439103 0.565641 0.056857 0.060297
0 0.278771 0.608605 0.041774 0.057680
0 0.417018 0.626145 0.046421 0.063211
0 0.351644 0.635176 0.066525 0.032336
0 0.380265 0.682223 0.047189 0.063508
0 0.265970 0.651637 0.071566 0.035539
0 0.254559 0.679457 0.073496 0.038164
0 0.318574 0.691109 0.063828 0.061469
0 0.460524 0.687809 0.066193 0.062695
0 0.423916 0.709965 0.055156 0.058664
0 0.693828 0.527781 0.035830 0.050266
0 0.729798 0.534531 0.034969 0.047219
0 0.720908 0.492039 0.076919 0.025766
0 0.328553 0.591582 0.041608 0.040258
