0 0.588356 0.638215 0.134201 0.080773
0 0.432884 0.677922 0.152780 0.069031
0 0.371769 0.588188 0.119616 0.057328
0 0.396364 0.629332 0.121172 0.059273
0 0.289979 0.642879 0.082344 0.098758
0 0.348932 0.747734 0.100456 0.104516
0 0.284876 0.786383 0.078195 0.104906
0 0.228434 0.732758 0.079232 0.092813
0 0.133159 0.740750 0.095799 0.095547
0 0.187012 0.656359 0.102012 0.054984
0 0.070757 0.602934 0.048672 0.088523
0 0.151795 0.590645 0.075083 0.080336
0 0.222739 0.586164 0.073008 0.076828
0 0.085202 0.508555 0.082334 0.050703
0 0.176079 0.468082 0.062656 0.089320
0 0.270960 0.424602 0.118143 0.049547
0 0.311011 0.484430 0.130239 0.057969
0 0.362557 0.416195 0.072334 0.083312
0 0.456852 0.486227 0.119907 0.050687
0 0.324077 0.541918 0.086100 0.088586
0 0.431774 0.538004 0.121349 0.052617
0 0.541006 0.564316 0.123195 0.082586
0 0.731665 0.503570 0.065902 0.084828
0 0.792479 0.515301 0.058112 0.085727
0 0.777516 0.446086 0.126878 0.047188
0 0.498734 0.340715 0.087925 0.079555
0 0.569611 0.301438 0.092604 0.075031
0 0.595685 0.333668 0.071867 0.056398
0 0.654689 0.346504 0.067531 0.053883
0 0.707158 0.382641 0.083548 0.092344
0 0.510213 0.396895 0.119492 0.061680
0 0.610244 0.454668 0.099803 0.077523
0 0.674015 0.464609 0.095768 0.057641
