0 0.543242 0.755992 0.120840 0.067750
0 0.577754 0.822727 0.121691 0.078391
0 0.443641 0.843750 0.117552 0.044063
0 0.365187 0.875594 0.073880 0.093219
0 0.318382 0.926137 0.057635 0.077773
0 0.284730 0.860152 0.069232 0.065836
0 0.217230 0.838016 0.069627 0.081562
0 0.409398 0.799359 0.118361 0.045156
0 0.415005 0.749687 0.107915 0.046609
0 0.325845 0.766875 0.062666 0.082734
0 0.237075 0.768605 0.081909 0.043305
0 0.144974 0.797309 0.072873 0.054883
0 0.429196 0.707602 0.107189 0.044844
0 0.465109 0.659477 0.099969 0.068328
0 0.346354 0.678992 0.067313 0.077469
0 0.142536 0.712578 0.047189 0.076328
0 0.384004 0.552648 0.059523 0.081562
0 0.311727 0.555688 0.115467 0.038406
0 0.502163 0.573711 0.088164 0.049609
0 0.602899 0.649953 0.076089 0.063031
0 0.744326 0.638832 0.119046 0.069102
0 0.763242 0.714207 0.058019 0.089430
0 0.663833 0.684352 0.064990 0.087391
0 0.706188 0.698332 0.063828 0.090305
0 0.500996 0.510887 0.083237 0.079211
0 0.565218 0.469598 0.084585 0.081570
0 0.587370 0.521840 0.066234 0.058648
0 0.634808 0.544422 0.060861 0.061344
0 0.692765 0.553020 0.073849 0.058305
