0 0.631364 0.693133 0.137853 0.093031
0 0.529813 0.646957 0.134710 0.085273
0 0.648843 0.586938 0.081961 0.106328
0 0.387064 0.586641 0.127552 0.062125
0 0.383947 0.515117 0.135176 0.049594
0 0.474066 0.476746 0.147656 0.044898
0 0.450565 0.407098 0.123392 0.055336
0 0.616935 0.423281 0.081795 0.097109
0 0.551084 0.429809 0.066546 0.078836
0 0.510389 0.343715 0.067251 0.101805
0 0.747007 0.648324 0.146193 0.069039
0 0.445944 0.631398 0.133610 0.066781
0 0.634134 0.514531 0.145591 0.048281
0 0.753506 0.587176 0.137220 0.065523
0 0.534435 0.552031 0.070093 0.083922
0 0.565576 0.733746 0.099346 0.104820
