0 0.349632 0.568473 0.077645 0.068914
0 0.302220 0.482812 0.081950 0.073813
0 0.354113 0.502359 0.055052 0.070437
0 0.422630 0.513312 0.058620 0.060672
0 0.515477 0.494777 0.068071 0.072133
0 0.337127 0.425566 0.053340 0.071758
0 0.422822 0.432391 0.075602 0.068250
0 0.561343 0.434539 0.055405 0.064734
0 0.596074 0.476328 0.072790 0.039156
0 0.648755 0.624332 0.094979 0.068914
0 0.673366 0.550719 0.105363 0.042813
0 0.650835 0.505824 0.106068 0.037586
0 0.594341 0.544977 0.059616 0.073094
0 0.558636 0.575781 0.056151 0.069953
0 0.515659 0.601625 0.056151 0.079875
0 0.464362 0.645219 0.081110 0.076219
0 0.475799 0.709172 0.094274 0.041250
0 0.417915 0.660883 0.110228 0.054297
0 0.369388 0.617027 0.093589 0.038633
0 0.424502 0.573168 0.087344 0.063695
0 0.519715 0.418207 0.058662 0.070477
0 0.466696 0.438555 0.057790 0.063344
0 0.471437 0.521012 0.051442 0.051852
0 0.596255 0.669758 0.102967 0.044813
