0 0.296561 0.440316 0.044098 0.072539
0 0.265425 0.494645 0.081618 0.073992
0 0.323257 0.514602 0.058797 0.068453
0 0.374896 0.442797 0.073880 0.070500
0 0.428076 0.442355 0.041006 0.064961
0 0.475462 0.408129 0.047583 0.047773
0 0.516266 0.432309 0.054149 0.072242
0 0.550887 0.463187 0.076981 0.047188
0 0.477412 0.493055 0.076525 0.070781
0 0.439367 0.519684 0.064896 0.060664
0 0.389025 0.514121 0.062656 0.056961
0 0.405581 0.577656 0.093983 0.057641
0 0.329948 0.574793 0.087718 0.068758
0 0.351608 0.623898 0.090851 0.035391
0 0.403786 0.665441 0.106763 0.046320
0 0.450005 0.643887 0.080840 0.073117
0 0.464144 0.708410 0.098205 0.043117
0 0.492884 0.596668 0.050477 0.074273
0 0.578968 0.665781 0.102293 0.041297
0 0.625607 0.616059 0.098620 0.063195
0 0.535036 0.565145 0.060591 0.072148
0 0.564295 0.536090 0.065249 0.068633
0 0.614315 0.495215 0.100249 0.036398
0 0.644964 0.539875 0.104263 0.040109
