0 0.541092 0.367695 0.058069 0.023920
0 0.632739 0.419844 0.039738 0.031550
0 0.608082 0.468219 0.031616 0.038294
0 0.573854 0.510542 0.031625 0.042871
0 0.457356 0.479479 0.027184 0.042302
0 0.435036 0.487285 0.036245 0.042302
0 0.476954 0.430914 0.051688 0.037007
0 0.563412 0.396016 0.057726 0.028700
0 0.547473 0.389848 0.048664 0.024922
0 0.586065 0.346165 0.041949 0.050352
0 0.558745 0.560196 0.041949 0.044563
0 0.680338 0.415234 0.070190 0.036561
0 0.623908 0.386716 0.055162 0.040433
0 0.474061 0.403548 0.048141 0.035924
0 0.618718 0.513341 0.059675 0.020873
0 0.631128 0.545410 0.034350 0.044387
0 0.604305 0.542024 0.033339 0.040244
0 0.658380 0.486628 0.063240 0.024807
0 0.657365 0.452573 0.061209 0.019797
