0 0.467802 0.552478 0.060623 0.018714
0 0.314012 0.612871 0.052356 0.028707
0 0.399594 0.642329 0.063105 0.037265
0 0.613276 0.540870 0.043881 0.023013
0 0.612500 0.514509 0.043105 0.023886
0 0.638655 0.444066 0.046408 0.037867
0 0.274585 0.485474 0.034224 0.042214
0 0.454720 0.637343 0.046769 0.040914
0 0.618389 0.387779 0.043258 0.026974
0 0.512996 0.377519 0.051643 0.029526
0 0.282798 0.526601 0.058412 0.019932
0 0.280672 0.546726 0.069197 0.021821
0 0.282676 0.566852 0.071200 0.021070
0 0.315921 0.425372 0.026570 0.042295
0 0.294860 0.447197 0.041616 0.037048
0 0.479472 0.319049 0.045641 0.036256
0 0.441214 0.331764 0.036922 0.033995
