0 0.466877 0.636899 0.057960 0.030332
0 0.542130 0.666561 0.061101 0.039770
0 0.597171 0.663362 0.048980 0.038761
0 0.647270 0.621225 0.055713 0.021232
0 0.428903 0.591903 0.060208 0.022586
0 0.430257 0.571679 0.067392 0.021909
0 0.432730 0.551625 0.056164 0.022925
0 0.665388 0.588236 0.045433 0.034956
0 0.751209 0.567265 0.031462 0.026798
0 0.742085 0.540609 0.033394 0.028842
0 0.738822 0.492688 0.026020 0.032336
0 0.758511 0.467241 0.036588 0.034997
0 0.732319 0.408944 0.038285 0.023940
0 0.596160 0.344966 0.049016 0.035687
0 0.458430 0.458409 0.031552 0.048341
0 0.441819 0.478172 0.045984 0.041043
0 0.418321 0.512762 0.031209 0.039025
0 0.547658 0.503795 0.057211 0.029255
0 0.537617 0.464276 0.040614 0.034225
0 0.695839 0.434770 0.056408 0.026141
