0 0.287967 0.471453 0.101141 0.032016
0 0.395373 0.468758 0.094876 0.045500
0 0.374787 0.541559 0.059077 0.076508
0 0.416857 0.514258 0.064440 0.076516
0 0.459601 0.501281 0.055052 0.071453
0 0.503008 0.495719 0.054149 0.073813
0 0.552241 0.508527 0.060415 0.071789
0 0.573050 0.454934 0.102033 0.036742
0 0.374564 0.403535 0.098900 0.053258
0 0.398506 0.431172 0.106515 0.041125
0 0.522256 0.414488 0.076525 0.048195
0 0.528117 0.338313 0.044305 0.076172
0 0.490747 0.356348 0.043859 0.051570
0 0.452256 0.372695 0.051919 0.043141
0 0.583833 0.377922 0.083247 0.035391
