0 0.486724 0.536005 0.053032 0.022911
0 0.493773 0.554885 0.053032 0.021903
0 0.504174 0.573267 0.051688 0.021401
0 0.516927 0.590765 0.051688 0.021652
0 0.541764 0.602346 0.063764 0.025680
0 0.506358 0.635403 0.054034 0.022153
0 0.452486 0.648494 0.048330 0.047332
0 0.479170 0.603060 0.043971 0.042072
0 0.434030 0.609221 0.059738 0.040284
0 0.430839 0.549546 0.052653 0.034421
0 0.434851 0.566659 0.048637 0.029526
0 0.434603 0.585748 0.044621 0.020311
0 0.381394 0.600630 0.042319 0.037373
0 0.579052 0.573416 0.060415 0.023162
0 0.529883 0.508710 0.056047 0.018125
0 0.463597 0.503172 0.061760 0.023663
0 0.458227 0.520670 0.059738 0.021395
0 0.622450 0.494550 0.057681 0.025430
0 0.629662 0.511970 0.056002 0.028517
0 0.451949 0.478636 0.054603 0.026005
0 0.520857 0.475988 0.033935 0.044394
0 0.496200 0.479252 0.033935 0.036987
0 0.571038 0.486760 0.063520 0.019804
0 0.578727 0.461080 0.046986 0.023717
0 0.625718 0.451618 0.050478 0.022194
0 0.611792 0.432793 0.052211 0.028510
0 0.432193 0.437962 0.029332 0.037048
0 0.470050 0.444360 0.042374 0.039309
0 0.514937 0.422898 0.045289 0.040636
0 0.453511 0.411764 0.055036 0.029418
0 0.319910 0.441564 0.064729 0.021151
0 0.298371 0.578301 0.070821 0.031225
0 0.270474 0.493487 0.060749 0.031131
0 0.277387 0.519885 0.075785 0.032485
0 0.414490 0.379567 0.046995 0.042437
0 0.464233 0.354651 0.037419 0.041341
0 0.371300 0.437739 0.034603 0.037617
0 0.681922 0.418687 0.039116 0.035166
0 0.604657 0.275443 0.056859 0.031117
0 0.652626 0.336161 0.049910 0.038998
0 0.613637 0.345911 0.043664 0.027299
0 0.335122 0.287238 0.040605 0.031984
0 0.329468 0.332173 0.028718 0.043087
0 0.421128 0.250680 0.054242 0.025464
0 0.567617 0.255792 0.033357 0.020454
0 0.568547 0.399567 0.056715 0.028951
0 0.566029 0.380938 0.057058 0.026940
