0 0.693096 0.453294 0.050343 0.043053
0 0.625045 0.538250 0.067960 0.029716
0 0.632807 0.558351 0.067184 0.030298
0 0.540812 0.665345 0.061787 0.026114
0 0.578669 0.629113 0.065551 0.024590
0 0.500262 0.703558 0.062653 0.023067
0 0.441954 0.710738 0.048150 0.058321
0 0.521440 0.561760 0.068348 0.031171
0 0.514057 0.524177 0.041940 0.050982
0 0.487071 0.531171 0.040767 0.048653
0 0.561047 0.534228 0.059801 0.023893
0 0.550790 0.597410 0.048330 0.040535
0 0.438592 0.531747 0.055379 0.028951
0 0.266079 0.638720 0.069197 0.031686
0 0.480546 0.592586 0.053366 0.021869
0 0.490280 0.613372 0.047996 0.023670
0 0.502193 0.633517 0.043628 0.023162
0 0.517130 0.651127 0.044639 0.020616
0 0.703497 0.395311 0.059070 0.041036
0 0.664738 0.355657 0.052690 0.039777
0 0.685212 0.373910 0.050009 0.037014
0 0.506403 0.467099 0.053655 0.045139
0 0.241683 0.576615 0.072825 0.030968
0 0.240005 0.551060 0.075514 0.034739
0 0.296755 0.353416 0.034233 0.049851
0 0.303809 0.299032 0.046318 0.042803
0 0.340826 0.255179 0.041940 0.044279
0 0.396742 0.260423 0.059801 0.034374
0 0.566056 0.254892 0.046606 0.025640
0 0.606092 0.280934 0.060199 0.035247
0 0.393051 0.420640 0.052690 0.050609
0 0.449770 0.382624 0.037247 0.031476
0 0.434025 0.459188 0.064079 0.035545
0 0.455772 0.495162 0.054756 0.042241
0 0.575460 0.506798 0.040271 0.022654
0 0.562360 0.412766 0.065190 0.031219
0 0.567626 0.435332 0.060668 0.028213
0 0.495650 0.261442 0.028195 0.030467
0 0.467622 0.255779 0.028529 0.031720
0 0.440776 0.255152 0.026516 0.030968
0 0.283109 0.488057 0.060659 0.020894
0 0.289621 0.506425 0.057509 0.019892
