0 0.559357 0.574391 0.064004 0.092016
0 0.470742 0.499730 0.106961 0.039773
0 0.587101 0.503773 0.106961 0.041125
0 0.607915 0.553156 0.063548 0.077859
0 0.653786 0.547254 0.058631 0.078195
0 0.695182 0.540516 0.059969 0.079547
0 0.748890 0.555684 0.061763 0.078867
0 0.561815 0.433867 0.093091 0.044828
0 0.588221 0.462520 0.102044 0.036070
0 0.654461 0.427129 0.055498 0.077180
0 0.689813 0.399320 0.046535 0.070781
0 0.716442 0.465051 0.091743 0.068086
0 0.777308 0.502969 0.115010 0.035391
0 0.802365 0.463867 0.090851 0.038766
0 0.784917 0.421227 0.092635 0.037750
0 0.732173 0.372254 0.044015 0.071758
