0 0.488688 0.495063 0.109201 0.038453
0 0.608854 0.497066 0.113226 0.040445
0 0.580882 0.424617 0.100249 0.044531
0 0.599901 0.458309 0.082790 0.034383
0 0.577759 0.569547 0.074564 0.085797
0 0.631867 0.548684 0.060581 0.069805
0 0.677438 0.538742 0.059544 0.077219
0 0.718859 0.535426 0.063693 0.079945
0 0.768568 0.547707 0.062656 0.081117
0 0.795446 0.495250 0.109793 0.034375
0 0.732645 0.457246 0.101390 0.068836
0 0.823921 0.456590 0.089149 0.035164
0 0.673849 0.416602 0.053154 0.064703
0 0.710451 0.394695 0.040778 0.065203
0 0.750711 0.368316 0.046089 0.079945
0 0.806115 0.415117 0.095799 0.035484
