0 0.433651 0.497680 0.117842 0.041766
0 0.566053 0.497941 0.113683 0.042289
0 0.534165 0.581996 0.074865 0.083008
0 0.587541 0.554582 0.070705 0.081445
0 0.638843 0.547016 0.062396 0.083016
0 0.685290 0.537094 0.070705 0.080922
0 0.774367 0.492715 0.117158 0.036023
0 0.701234 0.453301 0.112303 0.076227
0 0.536250 0.423805 0.108143 0.055859
0 0.563283 0.458000 0.117853 0.042812
0 0.637007 0.410707 0.062915 0.079414
0 0.720285 0.354082 0.055716 0.083477
0 0.784092 0.406422 0.097064 0.040156
0 0.803864 0.449961 0.097064 0.044219
