0 0.731795 0.470438 0.099357 0.040109
0 0.711878 0.491336 0.087261 0.034719
0 0.594175 0.509539 0.063994 0.038094
0 0.638138 0.553969 0.048807 0.057906
0 0.681100 0.545785 0.043797 0.056148
0 0.543693 0.558504 0.074647 0.058258
0 0.516426 0.579184 0.079678 0.060008
0 0.426426 0.609836 0.086587 0.056141
0 0.389652 0.555328 0.085239 0.048344
0 0.379492 0.471898 0.090124 0.050687
0 0.540690 0.465301 0.062811 0.042914
0 0.521551 0.345777 0.076089 0.084383
0 0.586281 0.410547 0.089346 0.032625
0 0.470467 0.534383 0.078133 0.050687
0 0.432178 0.508746 0.064212 0.043695
0 0.655052 0.459020 0.066535 0.044273
0 0.586006 0.468051 0.059959 0.041945
0 0.339113 0.600688 0.076981 0.064672
0 0.316105 0.531098 0.076089 0.068586
0 0.498190 0.429254 0.066504 0.082570
0 0.465835 0.443242 0.060508 0.069937
0 0.396333 0.448430 0.102459 0.062266
0 0.767796 0.416391 0.066504 0.074000
0 0.635384 0.377363 0.064108 0.071742
0 0.695373 0.396859 0.050145 0.071000
