0 0.398413 0.437496 0.103631 0.052117
0 0.339253 0.587094 0.079212 0.064375
0 0.430327 0.599398 0.070716 0.043812
0 0.538185 0.545973 0.083237 0.062352
0 0.512230 0.569402 0.074295 0.049211
0 0.695586 0.476266 0.095156 0.037281
0 0.530041 0.450340 0.054149 0.037867
0 0.574912 0.458059 0.063434 0.048070
0 0.648900 0.442184 0.055311 0.038164
0 0.465825 0.521773 0.076566 0.050703
0 0.578532 0.400180 0.090093 0.035094
0 0.683387 0.382629 0.044015 0.064742
0 0.385705 0.539301 0.086826 0.043148
0 0.627604 0.537109 0.047884 0.058984
0 0.668335 0.526324 0.044305 0.058305
0 0.574129 0.500879 0.081452 0.049883
0 0.438060 0.492637 0.076556 0.050602
0 0.723626 0.458320 0.086255 0.036000
0 0.317230 0.516719 0.075187 0.058984
0 0.458952 0.430875 0.058838 0.064203
0 0.490379 0.410859 0.062853 0.063953
0 0.756655 0.403055 0.055156 0.069484
0 0.630451 0.366422 0.053496 0.061687
0 0.515467 0.335023 0.076100 0.068500
0 0.378019 0.467203 0.082905 0.059672
