0 0.539170 0.665125 0.066680 0.051906
0 0.509186 0.689391 0.071151 0.050563
0 0.625099 0.665801 0.047894 0.049883
0 0.668288 0.657543 0.045643 0.051570
0 0.411846 0.709277 0.088610 0.053930
0 0.325633 0.692242 0.085913 0.065969
0 0.309689 0.618785 0.076286 0.060492
0 0.370897 0.563367 0.064533 0.041125
0 0.402837 0.539305 0.093454 0.047625
0 0.470062 0.539871 0.054689 0.059430
0 0.502899 0.526422 0.058932 0.070531
0 0.533371 0.449156 0.060851 0.068984
0 0.537339 0.563992 0.062707 0.039609
0 0.582386 0.575523 0.061535 0.047438
0 0.654331 0.567691 0.066172 0.047867
0 0.593677 0.520582 0.096608 0.037258
0 0.644824 0.489992 0.053154 0.070750
0 0.692132 0.509129 0.045467 0.067727
0 0.765778 0.532289 0.050477 0.071750
0 0.733921 0.586145 0.087261 0.042305
0 0.703667 0.601629 0.096276 0.039523
0 0.431826 0.604328 0.071556 0.043406
0 0.459487 0.635207 0.078143 0.052727
0 0.578039 0.616270 0.079295 0.052727
0 0.388750 0.651328 0.101961 0.061188
