0 0.410410 0.766645 0.074741 0.054273
0 0.339704 0.752656 0.081898 0.059328
0 0.322920 0.683727 0.065342 0.054266
0 0.381774 0.709348 0.065788 0.042805
0 0.433019 0.670414 0.075187 0.045844
0 0.459642 0.699402 0.063994 0.049883
0 0.524984 0.729063 0.060425 0.049891
0 0.500814 0.748445 0.063994 0.049547
0 0.607106 0.727379 0.044751 0.049883
0 0.642235 0.721461 0.033786 0.046141
0 0.668071 0.673043 0.085809 0.034977
0 0.697261 0.658504 0.081141 0.037367
0 0.386141 0.641762 0.073091 0.052227
0 0.408247 0.620332 0.090145 0.057664
0 0.463719 0.617391 0.048537 0.058312
0 0.495067 0.602812 0.053454 0.062672
0 0.567033 0.648348 0.053942 0.042508
0 0.630711 0.639977 0.058932 0.037422
0 0.570275 0.683047 0.058932 0.040437
0 0.524829 0.640074 0.056940 0.038742
0 0.572879 0.595828 0.078019 0.028937
0 0.522210 0.532695 0.053714 0.062359
0 0.617759 0.566738 0.047884 0.056961
0 0.661634 0.583082 0.036276 0.053930
0 0.725394 0.611398 0.042075 0.064719
