0 0.592910 0.746094 0.086587 0.044063
0 0.692365 0.702914 0.096950 0.031219
0 0.541758 0.687180 0.080571 0.042047
0 0.564497 0.713113 0.083911 0.037008
0 0.495290 0.720551 0.052490 0.059445
0 0.543963 0.788375 0.061888 0.070500
0 0.503734 0.812410 0.061120 0.067289
0 0.467573 0.776289 0.047573 0.057969
0 0.402199 0.792602 0.052988 0.067875
0 0.341240 0.774246 0.075820 0.048070
0 0.421888 0.731422 0.056079 0.037578
0 0.328480 0.733172 0.065757 0.037578
0 0.344907 0.686828 0.035830 0.049828
0 0.394461 0.686395 0.039004 0.049836
0 0.448055 0.674426 0.065301 0.052883
0 0.357391 0.635719 0.096276 0.042797
0 0.480213 0.615449 0.054160 0.036258
0 0.509466 0.646547 0.054492 0.042047
0 0.587863 0.621242 0.082241 0.033234
0 0.589030 0.647551 0.095944 0.032477
0 0.402256 0.599789 0.042459 0.056141
0 0.519481 0.560602 0.049129 0.055062
0 0.460877 0.573273 0.086649 0.044859
0 0.614440 0.559000 0.080456 0.044281
0 0.652350 0.660492 0.073205 0.053875
0 0.678423 0.600695 0.055830 0.044562
0 0.731447 0.586324 0.050280 0.037867
0 0.752334 0.642840 0.051058 0.061758
0 0.779606 0.670512 0.057635 0.062930
0 0.818734 0.605406 0.086577 0.037016
0 0.598760 0.519750 0.056836 0.039531
0 0.644061 0.500363 0.057168 0.052117
0 0.674813 0.518492 0.050477 0.036000
0 0.714263 0.527430 0.045809 0.046828
0 0.764077 0.552355 0.041120 0.062945
