0 0.614575 0.598293 0.087822 0.040477
0 0.482557 0.583824 0.078766 0.035727
0 0.490161 0.611297 0.078766 0.038766
0 0.500908 0.642980 0.083247 0.041461
0 0.459061 0.688816 0.064886 0.062352
0 0.425047 0.709211 0.056836 0.060000
0 0.382754 0.681402 0.054595 0.061008
0 0.318309 0.691348 0.058174 0.059992
0 0.266841 0.651742 0.076089 0.040781
0 0.251655 0.677840 0.057500 0.037008
0 0.351276 0.636676 0.062178 0.033742
0 0.417298 0.625852 0.052479 0.062437
0 0.275539 0.609535 0.035539 0.060273
0 0.328703 0.591477 0.044212 0.042000
0 0.294461 0.552848 0.082054 0.040039
0 0.344927 0.519688 0.038963 0.059625
0 0.404170 0.496340 0.081473 0.039164
0 0.417749 0.528652 0.055477 0.031555
0 0.459787 0.483715 0.053454 0.045695
0 0.519020 0.519945 0.070218 0.026547
0 0.513677 0.553352 0.057210 0.031984
0 0.584751 0.549324 0.070498 0.046570
0 0.613874 0.496762 0.058932 0.042133
0 0.542707 0.465824 0.066432 0.027273
0 0.537884 0.426922 0.050809 0.033234
0 0.584015 0.410559 0.053485 0.047336
0 0.599901 0.430824 0.048475 0.036008
0 0.639512 0.437875 0.044129 0.042547
0 0.680467 0.444043 0.037780 0.034242
0 0.719860 0.490984 0.079741 0.029156
0 0.695010 0.529066 0.036411 0.041352
0 0.729393 0.536246 0.038143 0.047008
0 0.661079 0.494602 0.044585 0.032734
0 0.441266 0.552988 0.055498 0.036508
0 0.376914 0.590375 0.054492 0.037766
