0 0.505104 0.393473 0.114959 0.054602
0 0.454357 0.486094 0.123237 0.050312
0 0.609186 0.452750 0.105633 0.078000
0 0.678833 0.462691 0.057479 0.060445
0 0.774632 0.445922 0.135156 0.048750
0 0.733983 0.504813 0.063174 0.082281
0 0.792495 0.513781 0.065239 0.088531
0 0.709642 0.376508 0.083890 0.083844
0 0.499284 0.340254 0.083548 0.075164
0 0.571815 0.300488 0.093216 0.072539
0 0.596374 0.342586 0.079678 0.071078
0 0.647853 0.352980 0.074834 0.069195
0 0.358719 0.413555 0.066795 0.078781
0 0.275866 0.424477 0.132044 0.050703
0 0.175405 0.464645 0.063693 0.092039
0 0.309004 0.482391 0.139295 0.058109
0 0.117723 0.520879 0.149658 0.068242
0 0.324528 0.539906 0.091753 0.083250
0 0.157599 0.593836 0.088164 0.087969
0 0.227858 0.580016 0.095322 0.081906
0 0.432832 0.536875 0.115913 0.048203
0 0.371966 0.586590 0.130239 0.058648
0 0.395467 0.630746 0.130685 0.064039
0 0.422095 0.681809 0.130228 0.065727
0 0.541810 0.565691 0.126214 0.086961
0 0.291115 0.643660 0.081006 0.100883
0 0.344855 0.749066 0.098651 0.099070
0 0.284699 0.787125 0.087427 0.105109
0 0.228148 0.729738 0.083413 0.093023
0 0.188449 0.653930 0.114699 0.050141
0 0.141126 0.740004 0.106670 0.096648
0 0.074559 0.601074 0.064969 0.084570
0 0.056110 0.669031 0.108278 0.054969
0 0.038859 0.717352 0.075394 0.054969
0 0.589901 0.637543 0.131027 0.075695
