0 0.366795 0.875414 0.075602 0.093984
0 0.440067 0.841875 0.106151 0.044844
0 0.579103 0.822375 0.111857 0.072141
0 0.320301 0.921398 0.064108 0.089344
0 0.286753 0.854621 0.083278 0.082117
0 0.217552 0.839504 0.070705 0.084383
0 0.143859 0.795285 0.076680 0.058211
0 0.121691 0.828676 0.069502 0.058211
0 0.233558 0.768285 0.074564 0.046805
0 0.326250 0.767113 0.060073 0.082680
0 0.419201 0.749953 0.099938 0.049141
0 0.403921 0.798898 0.098382 0.044844
0 0.539850 0.755805 0.118579 0.066297
0 0.142873 0.712918 0.055041 0.078539
0 0.201053 0.711402 0.051463 0.072133
0 0.272884 0.694043 0.073402 0.081898
0 0.429476 0.705539 0.094429 0.046516
0 0.463942 0.661383 0.097116 0.065391
0 0.348698 0.677898 0.076981 0.078875
0 0.164020 0.637172 0.107707 0.060844
0 0.219943 0.597199 0.065239 0.089305
0 0.309782 0.558395 0.116515 0.043680
0 0.337225 0.620988 0.121691 0.051867
0 0.515451 0.581633 0.115467 0.064375
0 0.384155 0.548883 0.051338 0.073094
0 0.604689 0.649113 0.082344 0.061352
0 0.662422 0.684504 0.069824 0.092352
0 0.707853 0.698828 0.066680 0.095391
0 0.763568 0.712648 0.061763 0.096734
0 0.742536 0.635969 0.122624 0.066063
0 0.695991 0.564039 0.066691 0.085609
0 0.627516 0.555109 0.078330 0.085281
0 0.584103 0.525953 0.073849 0.068078
0 0.494372 0.507750 0.061753 0.070781
0 0.564289 0.469168 0.084927 0.084242
