0 0.893325 0.571813 0.084575 0.088750
0 0.771987 0.640156 0.130612 0.069484
0 0.807038 0.704453 0.128807 0.078062
0 0.620705 0.678281 0.127614 0.045578
0 0.954284 0.528219 0.091432 0.050641
0 0.662650 0.724082 0.131214 0.052336
0 0.579969 0.764691 0.083278 0.101070
0 0.528983 0.813020 0.068900 0.098367
0 0.486146 0.748941 0.086276 0.075805
0 0.422033 0.725934 0.093465 0.090242
0 0.353133 0.682391 0.103050 0.069937
0 0.334544 0.721195 0.107884 0.073547
0 0.438823 0.651016 0.092687 0.044062
0 0.544974 0.651992 0.068869 0.088141
0 0.634046 0.631910 0.115477 0.043289
0 0.342770 0.598027 0.054378 0.081914
0 0.411639 0.596656 0.055415 0.075266
0 0.469372 0.590805 0.071463 0.057328
0 0.363999 0.522129 0.106670 0.069414
0 0.431058 0.483516 0.064730 0.095156
0 0.565586 0.562176 0.081815 0.081508
0 0.646888 0.591035 0.100456 0.040945
0 0.682873 0.546969 0.111328 0.066687
0 0.554984 0.505195 0.111442 0.043766
0 0.526229 0.448340 0.116234 0.044664
0 0.603511 0.442711 0.056317 0.075828
0 0.735322 0.467516 0.109046 0.052797
0 0.710887 0.393395 0.065239 0.053039
0 0.787267 0.361219 0.081297 0.063563
0 0.938382 0.597656 0.058237 0.085094
0 0.811603 0.413676 0.079222 0.060836
0 0.861317 0.436098 0.076120 0.061227
0 0.923709 0.449160 0.080778 0.063961
0 0.836131 0.530832 0.094979 0.076742
