0 0.429621 0.352023 0.063351 0.083297
0 0.378460 0.411051 0.102044 0.050555
0 0.464611 0.437848 0.060425 0.081898
0 0.516302 0.420656 0.065342 0.087969
0 0.395690 0.468352 0.118600 0.032359
0 0.317142 0.506270 0.108309 0.041461
0 0.324040 0.565996 0.116359 0.060664
0 0.359839 0.599703 0.097562 0.062688
0 0.446665 0.526055 0.067127 0.078531
0 0.526774 0.498078 0.118154 0.038766
0 0.544673 0.558750 0.059077 0.079203
0 0.448460 0.610500 0.110239 0.071953
0 0.532204 0.652887 0.109844 0.073992
0 0.477085 0.685074 0.088568 0.087102
0 0.637775 0.560285 0.117334 0.054633
0 0.637941 0.615676 0.129720 0.056648
