0 0.454943 0.551367 0.096670 0.038094
0 0.467697 0.602094 0.054149 0.068766
0 0.549274 0.601723 0.098900 0.051477
0 0.558102 0.645414 0.101017 0.040578
0 0.463055 0.679328 0.094243 0.059281
0 0.425773 0.713453 0.070425 0.069813
0 0.392469 0.649336 0.093900 0.058312
0 0.295851 0.611020 0.102967 0.051867
0 0.326437 0.643371 0.089263 0.054133
0 0.391789 0.578160 0.054160 0.065211
0 0.295176 0.563434 0.108983 0.030211
0 0.347863 0.534305 0.100290 0.031469
0 0.336909 0.484023 0.086390 0.051359
0 0.403071 0.492836 0.051141 0.053750
0 0.443812 0.480434 0.055757 0.067242
0 0.373081 0.431668 0.050270 0.075070
