0 0.314487 0.588676 0.103288 0.057430
0 0.312401 0.515586 0.079720 0.063687
0 0.494979 0.595711 0.082448 0.045672
0 0.521504 0.571543 0.089564 0.045914
0 0.539710 0.543254 0.079170 0.040258
0 0.678397 0.545406 0.049118 0.064844
0 0.628558 0.537141 0.055768 0.061797
0 0.721406 0.488637 0.096898 0.037992
0 0.671836 0.499828 0.084149 0.034047
0 0.433382 0.456492 0.051722 0.059406
0 0.527251 0.368059 0.062842 0.060680
0 0.481706 0.445164 0.044761 0.072469
0 0.557790 0.450891 0.085934 0.041453
0 0.613506 0.424266 0.038942 0.058984
0 0.654015 0.440777 0.043859 0.056961
0 0.737702 0.441113 0.059969 0.065727
0 0.394570 0.448301 0.054492 0.049602
0 0.365482 0.470832 0.041795 0.047336
