0 0.323159 0.529973 0.086587 0.033742
0 0.583921 0.525441 0.093942 0.056898
0 0.542630 0.571387 0.091608 0.036508
0 0.608823 0.453309 0.092272 0.034992
0 0.502848 0.483270 0.057500 0.069742
0 0.458890 0.510840 0.056494 0.069992
0 0.416100 0.551629 0.073216 0.063445
0 0.378320 0.487676 0.087925 0.052867
0 0.299590 0.486543 0.072873 0.065211
0 0.373050 0.572281 0.097656 0.041781
0 0.434160 0.614281 0.095643 0.038734
0 0.529538 0.452469 0.060384 0.065062
0 0.246343 0.410480 0.082355 0.076852
0 0.298932 0.426320 0.053257 0.066734
0 0.364274 0.433566 0.066680 0.069102
0 0.410145 0.432895 0.056390 0.061008
0 0.450197 0.410480 0.070270 0.068758
0 0.523600 0.386379 0.072946 0.048195
0 0.582225 0.411324 0.096214 0.032695
0 0.269839 0.354695 0.044305 0.072469
0 0.351291 0.356383 0.068475 0.063703
0 0.399627 0.343066 0.045207 0.031680
0 0.447521 0.325531 0.048465 0.046328
0 0.487806 0.345547 0.046131 0.053625
