0 0.318076 0.626027 0.089927 0.033992
0 0.369730 0.579445 0.082905 0.051109
0 0.292837 0.579699 0.077562 0.068227
0 0.426997 0.711938 0.093994 0.039906
0 0.365296 0.668676 0.100571 0.041945
0 0.440223 0.496270 0.069907 0.070586
0 0.401904 0.523375 0.060591 0.054594
0 0.352189 0.521816 0.057490 0.062398
0 0.230456 0.498492 0.077676 0.075266
0 0.288449 0.519164 0.052811 0.066688
0 0.264824 0.446441 0.050124 0.070102
0 0.337998 0.451496 0.072946 0.072805
0 0.520373 0.470711 0.067137 0.046516
0 0.479647 0.433805 0.051017 0.063703
0 0.438470 0.412234 0.047438 0.044828
0 0.495768 0.572488 0.056473 0.071664
0 0.452443 0.601035 0.047189 0.071664
0 0.575451 0.502133 0.095923 0.037000
0 0.538620 0.668047 0.102303 0.039781
0 0.411748 0.648660 0.075218 0.067477
0 0.600399 0.543063 0.101732 0.038453
0 0.525166 0.540148 0.059564 0.064672
0 0.580674 0.619824 0.100954 0.065539
