0 0.267111 0.494473 0.074741 0.069430
0 0.317459 0.511324 0.054606 0.057977
0 0.378548 0.519074 0.066680 0.063367
0 0.422853 0.516043 0.054149 0.048539
0 0.455078 0.491945 0.063994 0.059656
0 0.319570 0.567324 0.069056 0.060711
0 0.391079 0.567430 0.082054 0.046563
0 0.342832 0.608773 0.086100 0.029594
0 0.387754 0.648535 0.086898 0.037805
0 0.430954 0.627660 0.067427 0.060742
0 0.469512 0.585586 0.044461 0.063234
0 0.507982 0.557465 0.056048 0.064633
0 0.534424 0.530371 0.054035 0.059617
0 0.442370 0.687531 0.095280 0.037516
0 0.547178 0.648254 0.097614 0.034492
0 0.586821 0.603277 0.086255 0.053023
0 0.601971 0.533270 0.099295 0.039023
0 0.579907 0.496008 0.089253 0.036000
0 0.518895 0.466629 0.074222 0.040789
0 0.293683 0.444484 0.044793 0.061359
0 0.364761 0.449160 0.067905 0.060711
0 0.409689 0.433934 0.035249 0.034164
0 0.454606 0.418687 0.044129 0.047078
0 0.491717 0.442105 0.046131 0.063695
