0 0.608989 0.527328 0.036110 0.057156
0 0.318734 0.588156 0.063817 0.052438
0 0.483122 0.562641 0.055311 0.038453
0 0.558159 0.579824 0.037521 0.041367
0 0.381432 0.637129 0.071203 0.041539
0 0.515223 0.579824 0.039844 0.047773
0 0.411561 0.595707 0.054533 0.044570
0 0.476349 0.660402 0.069627 0.040195
0 0.383709 0.675262 0.064595 0.045445
0 0.319891 0.654289 0.072334 0.050687
0 0.501266 0.462484 0.057739 0.051234
0 0.669269 0.564211 0.071608 0.035391
0 0.620265 0.575836 0.070259 0.032359
0 0.629440 0.618980 0.046535 0.053258
0 0.588045 0.608363 0.044305 0.047523
0 0.509720 0.614598 0.066680 0.035055
0 0.499206 0.637687 0.069824 0.034719
0 0.525213 0.531508 0.066525 0.030969
0 0.679331 0.522695 0.051151 0.049094
0 0.383205 0.525320 0.033651 0.031172
0 0.365026 0.549793 0.037521 0.033508
0 0.417054 0.526781 0.031722 0.027094
0 0.459217 0.518477 0.037127 0.039031
0 0.575825 0.507617 0.031089 0.038016
