0 0.558734 0.651109 0.099710 0.047625
0 0.606857 0.601996 0.090892 0.065836
0 0.422355 0.679484 0.100187 0.038453
0 0.451167 0.619328 0.071172 0.073125
0 0.398174 0.638410 0.115270 0.043117
0 0.356987 0.596609 0.093994 0.031172
0 0.480249 0.570719 0.046598 0.072531
0 0.396883 0.553758 0.091131 0.047187
0 0.311442 0.550246 0.077676 0.068242
0 0.524263 0.541277 0.059025 0.071367
0 0.554300 0.512027 0.054886 0.069805
0 0.634305 0.526262 0.100975 0.044461
0 0.613589 0.480633 0.096826 0.045234
0 0.313428 0.493598 0.055944 0.063367
0 0.381457 0.497305 0.077417 0.066734
0 0.426883 0.496629 0.059969 0.057305
0 0.464072 0.471926 0.078766 0.065727
0 0.536131 0.437543 0.076079 0.040789
0 0.288994 0.421262 0.047884 0.069773
0 0.252075 0.460699 0.075187 0.072461
0 0.356349 0.426656 0.076971 0.067078
0 0.409383 0.408793 0.042521 0.032695
0 0.463309 0.395645 0.061763 0.056289
0 0.508740 0.408121 0.061317 0.052242
