0 0.547053 0.598047 0.038204 0.045234
0 0.585352 0.566716 0.035397 0.040176
0 0.610821 0.566506 0.037635 0.042844
0 0.423123 0.533714 0.043971 0.046831
0 0.442590 0.522129 0.027184 0.041293
0 0.591268 0.535223 0.054702 0.020643
0 0.463732 0.591117 0.039937 0.045322
0 0.631291 0.504709 0.062076 0.020454
0 0.629982 0.470985 0.059458 0.020454
0 0.628533 0.489370 0.059468 0.017630
0 0.644982 0.430552 0.049314 0.041131
0 0.551629 0.381814 0.044305 0.042803
0 0.584003 0.414144 0.048150 0.043521
0 0.603583 0.442542 0.032780 0.030677
0 0.449264 0.450051 0.048439 0.033074
0 0.522423 0.427387 0.050135 0.024617
0 0.556119 0.469435 0.027419 0.034211
