0 0.294077 0.495910 0.043797 0.050102
0 0.249850 0.601441 0.078309 0.050695
0 0.317749 0.615043 0.066743 0.046570
0 0.409051 0.599266 0.080612 0.042000
0 0.433102 0.575980 0.071224 0.035273
0 0.562661 0.553203 0.052189 0.056047
0 0.520332 0.546336 0.050934 0.045703
0 0.448916 0.554047 0.065923 0.031031
0 0.607557 0.500672 0.073413 0.034984
0 0.611478 0.457043 0.056442 0.054352
0 0.505353 0.438426 0.041950 0.038930
0 0.541183 0.450742 0.041701 0.037609
0 0.430405 0.398168 0.059834 0.056648
0 0.458485 0.470301 0.077220 0.039273
0 0.390119 0.456707 0.033434 0.043805
0 0.353413 0.477555 0.044793 0.054641
0 0.313802 0.467473 0.037106 0.031445
0 0.246940 0.532266 0.064855 0.053625
0 0.493096 0.511125 0.035612 0.029422
0 0.446478 0.520305 0.044678 0.033812
0 0.553594 0.512730 0.069927 0.034414
0 0.412754 0.501211 0.052873 0.038734
0 0.305845 0.574762 0.068475 0.036117
0 0.342106 0.532332 0.058942 0.051789
