0 0.485057 0.350391 0.060342 0.071078
0 0.499445 0.470641 0.042936 0.033500
0 0.511629 0.416750 0.075041 0.037578
0 0.617220 0.462484 0.072718 0.033500
0 0.680851 0.402039 0.047573 0.056516
0 0.385047 0.486047 0.053164 0.062672
0 0.670021 0.449375 0.073880 0.037578
0 0.579777 0.499863 0.053766 0.052148
0 0.566089 0.394379 0.039066 0.059430
0 0.547578 0.465395 0.043786 0.050102
0 0.361556 0.571848 0.074834 0.047008
0 0.602189 0.408156 0.038672 0.059719
0 0.457479 0.555418 0.077137 0.044180
0 0.345228 0.529305 0.057780 0.041125
0 0.287873 0.553676 0.083506 0.052445
0 0.623299 0.508312 0.054149 0.057969
0 0.501260 0.505980 0.063039 0.031164
0 0.482697 0.531469 0.081618 0.037281
0 0.286276 0.483430 0.064606 0.055641
0 0.438138 0.410926 0.038683 0.060305
0 0.393651 0.420246 0.043320 0.042820
0 0.355166 0.411070 0.042158 0.033797
0 0.335441 0.442387 0.038288 0.042820
