0 0.404746 0.624215 0.063019 0.022977
0 0.511836 0.437766 0.023091 0.044859
0 0.511572 0.388773 0.043745 0.033531
0 0.474212 0.417348 0.043361 0.019539
0 0.078434 0.371023 0.052718 0.031375
0 0.475000 0.600117 0.042552 0.047734
0 0.430892 0.518949 0.059087 0.037789
0 0.467609 0.541426 0.047479 0.042930
0 0.437982 0.635672 0.046712 0.037781
0 0.537495 0.539246 0.039388 0.047086
0 0.522822 0.489766 0.027386 0.041563
0 0.546312 0.491238 0.036421 0.046539
0 0.485524 0.446043 0.031359 0.035836
0 0.538574 0.438910 0.035467 0.035789
0 0.472152 0.384238 0.048247 0.032695
0 0.449238 0.390082 0.036006 0.039852
0 0.469658 0.353480 0.057988 0.035570
0 0.421992 0.320406 0.060996 0.029156
0 0.401815 0.354492 0.052593 0.037422
0 0.384782 0.397223 0.028651 0.046336
0 0.408786 0.386293 0.030975 0.031477
0 0.023693 0.440348 0.028714 0.045883
0 0.027521 0.540605 0.041660 0.045742
0 0.068568 0.602070 0.060996 0.040234
0 0.421022 0.582500 0.060923 0.034063
0 0.504336 0.570395 0.028672 0.044867
