0 0.725365 0.515766 0.047187 0.052687
0 0.698474 0.598426 0.037990 0.056180
0 0.660958 0.677141 0.071500 0.032594
0 0.504135 0.724125 0.071104 0.030656
0 0.214865 0.613391 0.075479 0.049625
0 0.172896 0.533473 0.035458 0.053664
0 0.265521 0.336891 0.045417 0.052625
0 0.749760 0.396395 0.051521 0.041586
0 0.703729 0.348605 0.061500 0.040758
0 0.654302 0.322063 0.051813 0.044156
0 0.408552 0.295539 0.030604 0.059797
0 0.196323 0.480078 0.042688 0.053156
0 0.684792 0.405148 0.037083 0.056734
0 0.730276 0.399227 0.037781 0.037641
0 0.692365 0.444324 0.041604 0.041820
0 0.739495 0.458051 0.080656 0.040148
0 0.773370 0.493734 0.045490 0.050500
0 0.764104 0.550352 0.049667 0.046953
0 0.729839 0.593020 0.040927 0.047086
0 0.725526 0.556824 0.041885 0.047445
