0 0.179063 0.759195 0.080146 0.061500
0 0.209854 0.664199 0.047521 0.065242
0 0.151458 0.686246 0.056375 0.063430
0 0.690203 0.813363 0.043802 0.076180
0 0.557870 0.914008 0.049385 0.025859
0 0.341208 0.854602 0.080146 0.041234
0 0.603536 0.871723 0.101573 0.040539
0 0.637547 0.821750 0.050323 0.066391
0 0.688339 0.861938 0.047531 0.039141
0 0.193672 0.557277 0.063490 0.061617
0 0.174792 0.608625 0.065000 0.035031
0 0.817870 0.529602 0.068031 0.062203
0 0.759161 0.777004 0.051260 0.049586
0 0.762781 0.836328 0.054042 0.068594
0 0.577443 0.824039 0.047531 0.069578
0 0.520615 0.900473 0.090438 0.045945
0 0.310500 0.818605 0.076500 0.043336
0 0.298594 0.865324 0.072188 0.058930
0 0.253125 0.760246 0.060625 0.063602
0 0.218714 0.509254 0.052344 0.053758
