0 0.626623 0.224258 0.062562 0.103297
0 0.501094 0.168082 0.060156 0.097258
0 0.562858 0.239660 0.064969 0.111148
0 0.351110 0.186805 0.113091 0.081547
0 0.425301 0.230297 0.059357 0.092422
0 0.334269 0.230297 0.116297 0.065844
0 0.416079 0.289801 0.143568 0.072492
0 0.655399 0.385484 0.066504 0.106937
0 0.688952 0.457680 0.074896 0.093406
0 0.606566 0.482992 0.079689 0.095656
0 0.506214 0.428621 0.133008 0.049180
0 0.501587 0.346273 0.082490 0.070484
0 0.547339 0.360371 0.085259 0.085102
0 0.263563 0.311121 0.082687 0.094758
0 0.213537 0.322180 0.108444 0.092500
0 0.417941 0.392836 0.051836 0.096719
0 0.354896 0.398953 0.057241 0.077484
0 0.297064 0.395895 0.060726 0.080695
0 0.240016 0.407984 0.050280 0.074578
0 0.377879 0.458035 0.136504 0.051570
0 0.387723 0.502191 0.136504 0.051570
0 0.235114 0.493430 0.158880 0.044828
0 0.340057 0.534551 0.123517 0.047523
0 0.417956 0.568496 0.091660 0.095148
0 0.565534 0.548020 0.135156 0.069805
0 0.535239 0.582535 0.124274 0.058492
0 0.706146 0.520156 0.121732 0.085281
0 0.739803 0.591539 0.122614 0.080984
0 0.670565 0.598387 0.114886 0.083023
0 0.616795 0.643102 0.123776 0.082734
0 0.649933 0.690773 0.131131 0.086281
0 0.467609 0.656359 0.084139 0.096063
0 0.383916 0.696133 0.090405 0.096734
0 0.327303 0.681977 0.105166 0.097406
0 0.236997 0.595180 0.123392 0.062047
0 0.242215 0.641789 0.138475 0.059719
0 0.708434 0.766469 0.121846 0.076328
0 0.582142 0.753215 0.119907 0.072539
0 0.515420 0.763699 0.134990 0.077195
0 0.453143 0.816137 0.067697 0.102836
