0 0.495156 0.460062 0.037552 0.053094
0 0.446613 0.476816 0.068185 0.030898
0 0.457884 0.430797 0.036992 0.053750
0 0.472215 0.522188 0.069346 0.032422
0 0.370078 0.535246 0.056919 0.059836
0 0.414860 0.529805 0.060384 0.038953
0 0.297754 0.411039 0.070176 0.023891
0 0.397905 0.443199 0.070145 0.038930
0 0.309056 0.520016 0.075124 0.036344
0 0.425669 0.383141 0.076857 0.040688
0 0.367588 0.370301 0.064720 0.055492
0 0.318589 0.464027 0.032656 0.048961
0 0.295182 0.456844 0.045363 0.055047
0 0.402189 0.497570 0.078237 0.033234
