0 0.622080 0.721523 0.098911 0.083453
0 0.565571 0.294016 0.057531 0.088234
0 0.507687 0.308371 0.056846 0.087711
0 0.452230 0.251832 0.058921 0.077789
0 0.455348 0.336668 0.062396 0.097102
0 0.613050 0.441086 0.051992 0.090844
0 0.649046 0.509254 0.069502 0.087992
0 0.575062 0.531957 0.072490 0.081508
0 0.509559 0.420418 0.060591 0.083070
0 0.468651 0.412426 0.065768 0.074883
0 0.384761 0.359234 0.110290 0.057328
0 0.263854 0.380289 0.096317 0.083062
0 0.211037 0.395305 0.090104 0.081891
0 0.391390 0.308570 0.052822 0.077219
0 0.323817 0.275813 0.097863 0.060062
0 0.308537 0.313254 0.089066 0.053820
0 0.400254 0.448531 0.055944 0.084266
0 0.340508 0.457801 0.051909 0.072461
0 0.291504 0.458812 0.053257 0.076516
0 0.246971 0.469090 0.049232 0.073477
0 0.248408 0.547621 0.151774 0.043055
0 0.363911 0.507215 0.121349 0.041289
0 0.479917 0.480273 0.106639 0.044313
0 0.667355 0.564035 0.099025 0.075742
0 0.541255 0.587633 0.117593 0.050109
0 0.517277 0.622883 0.112168 0.058844
0 0.406068 0.612105 0.074647 0.078070
0 0.375897 0.552098 0.116421 0.035539
0 0.340866 0.583590 0.116359 0.035727
0 0.705259 0.633164 0.118755 0.075453
0 0.639118 0.634770 0.105602 0.071664
0 0.589767 0.680961 0.106981 0.082328
0 0.462438 0.700547 0.075083 0.085406
0 0.384761 0.733891 0.091660 0.095156
0 0.328579 0.723945 0.085954 0.093984
0 0.258672 0.640133 0.129461 0.056547
0 0.251686 0.683230 0.129969 0.060055
0 0.570814 0.775891 0.105114 0.056547
0 0.686286 0.789773 0.112365 0.066297
0 0.515150 0.794434 0.107707 0.059320
0 0.476561 0.846094 0.066504 0.095656
