0 0.394379 0.326795 0.067258 0.048361
0 0.475820 0.353532 0.048703 0.078662
0 0.401797 0.418994 0.063187 0.049813
0 0.343602 0.423003 0.066750 0.045073
0 0.331820 0.558091 0.065500 0.075664
0 0.406715 0.463906 0.067258 0.051089
0 0.422430 0.492381 0.069313 0.053434
0 0.414203 0.537811 0.062266 0.053817
0 0.480727 0.510902 0.065500 0.043672
0 0.540789 0.500762 0.056391 0.066297
0 0.383543 0.596836 0.042898 0.075498
0 0.414383 0.600373 0.044672 0.079212
0 0.364527 0.661447 0.066758 0.053247
0 0.373617 0.726297 0.030203 0.084606
0 0.404078 0.689725 0.028172 0.078869
0 0.453324 0.670679 0.030711 0.085944
0 0.491754 0.579813 0.048992 0.079212
0 0.460535 0.568522 0.047977 0.076172
0 0.413418 0.804357 0.054570 0.067407
0 0.483254 0.812899 0.060336 0.041649
0 0.477660 0.759004 0.062742 0.035830
0 0.634082 0.703594 0.066945 0.061815
0 0.542840 0.756390 0.049617 0.078963
0 0.566121 0.773532 0.050633 0.075363
0 0.525340 0.659149 0.061508 0.050539
0 0.594832 0.726151 0.060492 0.055498
0 0.562992 0.616935 0.065203 0.043288
0 0.540527 0.573947 0.061586 0.054512
0 0.682797 0.557396 0.047469 0.042469
0 0.679754 0.605088 0.048992 0.048869
0 0.627965 0.631048 0.052039 0.035394
0 0.511832 0.349134 0.029195 0.076172
0 0.556133 0.362614 0.060922 0.076846
0 0.603727 0.388226 0.034781 0.086286
0 0.454734 0.427106 0.029203 0.074025
0 0.670223 0.496011 0.022820 0.074865
0 0.601367 0.564699 0.028187 0.066369
0 0.623984 0.564051 0.022938 0.057666
0 0.644879 0.563288 0.024414 0.060498
0 0.504621 0.685529 0.061617 0.049834
