0 0.466359 0.511250 0.032031 0.068454
0 0.376301 0.489839 0.051117 0.053019
0 0.371184 0.424637 0.054398 0.054627
0 0.292219 0.521478 0.061844 0.050093
0 0.261465 0.398522 0.037039 0.059554
0 0.388922 0.345882 0.026547 0.059917
0 0.433953 0.356333 0.052906 0.046068
0 0.474805 0.316369 0.034000 0.069585
0 0.518574 0.364554 0.048508 0.061577
0 0.478668 0.395493 0.046383 0.062230
0 0.465895 0.422002 0.046398 0.050228
0 0.525898 0.591945 0.050250 0.056898
0 0.467781 0.587158 0.061813 0.050353
0 0.483074 0.625145 0.058133 0.044834
0 0.594074 0.593817 0.054570 0.054834
0 0.659910 0.546317 0.030492 0.071369
0 0.431547 0.665825 0.041453 0.073102
0 0.609105 0.656167 0.042289 0.068247
0 0.569016 0.652469 0.042000 0.067075
0 0.615980 0.735026 0.040242 0.079554
0 0.368488 0.537951 0.052977 0.044761
0 0.403594 0.262645 0.048484 0.044564
0 0.668055 0.392816 0.039062 0.062396
0 0.590809 0.401784 0.027320 0.070975
0 0.605957 0.488408 0.054898 0.037645
0 0.558078 0.443496 0.036219 0.065705
0 0.650285 0.624429 0.044898 0.040996
0 0.481668 0.695638 0.049633 0.042894
0 0.501230 0.492796 0.049836 0.051276
0 0.705863 0.459056 0.032992 0.072759
0 0.703352 0.627816 0.045219 0.071525
0 0.573980 0.749652 0.048461 0.058890
0 0.637129 0.374647 0.021070 0.075166
0 0.736016 0.561094 0.032891 0.070197
0 0.697980 0.548029 0.026727 0.075270
0 0.523578 0.403610 0.036203 0.061473
0 0.603059 0.452879 0.061945 0.031981
0 0.442906 0.455679 0.054422 0.042293
0 0.487941 0.456686 0.051195 0.051359
0 0.556754 0.519694 0.046945 0.073122
0 0.416121 0.541540 0.049586 0.039326
0 0.534121 0.432401 0.033789 0.052500
0 0.512359 0.513013 0.047594 0.039782
0 0.677836 0.470233 0.024359 0.053890
0 0.648656 0.444160 0.030500 0.055353
0 0.594297 0.556214 0.048734 0.050851
0 0.626059 0.545140 0.032992 0.063952
0 0.658559 0.648942 0.037164 0.036515
0 0.694766 0.696940 0.026875 0.072137
0 0.653406 0.720026 0.039094 0.075156
0 0.471852 0.842344 0.052547 0.032697
0 0.512086 0.864756 0.021828 0.032355
0 0.536965 0.881945 0.022852 0.040446
0 0.575676 0.887007 0.026148 0.041795
0 0.619465 0.917002 0.021836 0.047178
0 0.571836 0.791888 0.041125 0.045622
0 0.552008 0.706904 0.048672 0.058537
0 0.531438 0.670420 0.049875 0.036006
0 0.513957 0.768252 0.053352 0.037002
0 0.470117 0.791940 0.047234 0.041058
0 0.424922 0.785851 0.041797 0.057759
0 0.396402 0.697235 0.025555 0.043288
0 0.361453 0.736037 0.032016 0.049917
0 0.342070 0.626805 0.037891 0.037054
0 0.213867 0.642988 0.035250 0.074876
0 0.376727 0.661126 0.033187 0.070591
0 0.388035 0.627583 0.032305 0.057324
0 0.412852 0.596779 0.030844 0.060446
0 0.366426 0.575140 0.045211 0.049077
0 0.314133 0.580617 0.042859 0.046463
0 0.253188 0.546162 0.032641 0.053776
0 0.241980 0.519538 0.039320 0.061089
0 0.339664 0.481810 0.043672 0.045301
0 0.303270 0.470638 0.033664 0.044699
0 0.265055 0.478185 0.046406 0.041680
0 0.449211 0.294964 0.045187 0.040446
0 0.424207 0.296655 0.042398 0.039098
0 0.375723 0.305752 0.034273 0.044492
0 0.328051 0.316167 0.029961 0.056961
0 0.299238 0.322401 0.026148 0.059326
0 0.301652 0.368408 0.026398 0.065052
0 0.352563 0.345923 0.044906 0.034813
0 0.424750 0.391271 0.037531 0.037168
0 0.351332 0.384222 0.050633 0.041349
