0 0.729914 0.371815 0.027922 0.061680
0 0.546973 0.403314 0.053539 0.048330
0 0.668922 0.450425 0.038531 0.067510
0 0.633582 0.455498 0.047445 0.054730
0 0.455457 0.266369 0.047211 0.057656
0 0.353941 0.350073 0.042648 0.045498
0 0.317898 0.332718 0.044172 0.047863
0 0.337141 0.290664 0.038828 0.042241
0 0.319586 0.271587 0.048047 0.041950
0 0.320992 0.175425 0.034000 0.069627
0 0.358070 0.160861 0.037516 0.048651
0 0.495992 0.556655 0.054078 0.036338
0 0.598543 0.559979 0.040961 0.073548
0 0.540539 0.200799 0.043656 0.080975
0 0.518383 0.181136 0.037516 0.076608
0 0.460418 0.154886 0.045633 0.036701
0 0.490691 0.159549 0.045633 0.053019
0 0.410176 0.163485 0.038617 0.049232
0 0.378801 0.201494 0.051336 0.036120
0 0.321105 0.425820 0.040102 0.046017
0 0.318383 0.458760 0.038062 0.047832
0 0.391789 0.411836 0.063891 0.048734
0 0.357125 0.506815 0.051656 0.041971
0 0.400965 0.508843 0.027867 0.060467
0 0.255348 0.507713 0.039086 0.079865
0 0.367730 0.632749 0.041461 0.055498
0 0.411738 0.641551 0.035680 0.061359
0 0.480289 0.697899 0.054922 0.046027
0 0.518078 0.778574 0.024875 0.044492
0 0.544859 0.806380 0.024625 0.044834
0 0.588141 0.812277 0.023859 0.044492
0 0.630152 0.840762 0.024117 0.070446
0 0.730492 0.620747 0.026984 0.071079
0 0.745629 0.456888 0.029836 0.072822
0 0.752504 0.303900 0.042133 0.063361
0 0.761137 0.360524 0.033508 0.066068
0 0.701609 0.341478 0.028687 0.054263
0 0.603613 0.323351 0.033789 0.048942
0 0.386410 0.549507 0.035789 0.074824
0 0.429590 0.490290 0.032742 0.080560
0 0.592578 0.707593 0.054187 0.048942
0 0.685922 0.536333 0.054578 0.044492
0 0.746082 0.542396 0.042398 0.082241
0 0.535746 0.376530 0.056102 0.055612
0 0.576617 0.319269 0.041125 0.068413
0 0.723828 0.287365 0.043766 0.062780
0 0.691371 0.265135 0.025258 0.083838
0 0.640270 0.283662 0.034070 0.074876
0 0.274273 0.250747 0.042141 0.063174
0 0.438750 0.121245 0.053016 0.055954
0 0.517328 0.267521 0.048187 0.072033
0 0.211273 0.513402 0.048922 0.080104
0 0.274457 0.343335 0.055289 0.052728
0 0.500406 0.595099 0.056094 0.043288
0 0.450914 0.559030 0.046406 0.074098
0 0.432535 0.690804 0.050258 0.057977
0 0.478352 0.755519 0.058641 0.029668
0 0.644754 0.653050 0.039633 0.079564
0 0.688176 0.639201 0.044180 0.085602
0 0.531480 0.675197 0.060164 0.040104
0 0.554074 0.572733 0.063211 0.042811
0 0.599004 0.663568 0.059148 0.062697
0 0.632434 0.495918 0.058383 0.065384
0 0.706937 0.452002 0.035031 0.085270
0 0.495512 0.400555 0.035383 0.086670
0 0.487449 0.476260 0.064086 0.049077
0 0.384246 0.453019 0.059742 0.047490
0 0.378008 0.242894 0.056859 0.043817
0 0.474617 0.327848 0.058156 0.041338
0 0.424836 0.309123 0.054922 0.042894
0 0.396785 0.294699 0.059914 0.063174
0 0.469480 0.222552 0.059039 0.046017
0 0.421309 0.210462 0.030836 0.071753
0 0.652723 0.344538 0.068430 0.041338
0 0.593715 0.413994 0.054242 0.079212
0 0.568016 0.514212 0.057016 0.059004
0 0.504910 0.518128 0.061336 0.044907
0 0.645672 0.567464 0.038531 0.076753
0 0.787613 0.477142 0.035383 0.077790
0 0.557594 0.484611 0.060156 0.056898
0 0.400676 0.360322 0.056102 0.057967
0 0.440254 0.420270 0.058742 0.042510
0 0.524199 0.334372 0.060414 0.058309
0 0.562195 0.238553 0.058141 0.065259
0 0.323324 0.221499 0.033273 0.074429
0 0.501816 0.296587 0.048164 0.057656
0 0.576738 0.614663 0.051773 0.061172
0 0.410082 0.587334 0.033945 0.046577
0 0.464711 0.447225 0.053469 0.032728
0 0.253820 0.412956 0.036703 0.060913
0 0.243793 0.381374 0.040445 0.061815
0 0.293238 0.388594 0.049617 0.046483
