0 0.404466 0.394832 0.092189 0.068914
0 0.528900 0.359848 0.041598 0.069961
0 0.442941 0.365594 0.045757 0.073094
0 0.489735 0.380996 0.039512 0.084055
0 0.626297 0.432156 0.042282 0.075703
0 0.375353 0.421453 0.082490 0.071000
0 0.484186 0.454605 0.096359 0.036023
0 0.593019 0.492980 0.045062 0.069961
0 0.672049 0.479145 0.093579 0.036023
0 0.525783 0.482273 0.103288 0.032891
0 0.423185 0.485664 0.120021 0.057422
0 0.308112 0.496109 0.068631 0.073094
0 0.340342 0.565289 0.080415 0.073609
0 0.434274 0.536312 0.096349 0.054297
0 0.419404 0.600203 0.072500 0.076828
0 0.544720 0.555352 0.099419 0.047969
0 0.642842 0.584020 0.100975 0.051477
0 0.543164 0.590062 0.099419 0.046406
0 0.512095 0.632379 0.038320 0.070977
