0 0.390293 0.595918 0.073523 0.043330
0 0.425504 0.774865 0.039852 0.044834
0 0.448746 0.728553 0.062852 0.039388
0 0.593836 0.725436 0.063438 0.038610
0 0.605141 0.694621 0.058453 0.033932
0 0.542875 0.700280 0.033781 0.064730
0 0.511891 0.695991 0.037594 0.068641
0 0.442277 0.680996 0.062445 0.040456
0 0.366383 0.701385 0.055844 0.048869
0 0.386816 0.643247 0.063711 0.041120
0 0.410152 0.542142 0.068414 0.039160
0 0.646262 0.583076 0.027914 0.081442
0 0.617555 0.584642 0.028703 0.080405
0 0.459891 0.592210 0.060156 0.037075
0 0.478762 0.550182 0.060164 0.035508
0 0.552684 0.608397 0.063305 0.049595
0 0.577059 0.576551 0.059367 0.040197
0 0.681453 0.607085 0.033031 0.082490
0 0.671230 0.538454 0.063695 0.043299
0 0.671621 0.489098 0.065273 0.035498
0 0.468930 0.496929 0.057797 0.043859
0 0.533219 0.514419 0.067625 0.039149
0 0.566047 0.470565 0.057797 0.040197
0 0.622473 0.466126 0.033820 0.075176
0 0.502746 0.468999 0.066445 0.045425
0 0.669066 0.439502 0.065664 0.053257
0 0.566051 0.397474 0.053086 0.042293
0 0.623453 0.387816 0.045219 0.075176
0 0.514348 0.765265 0.034273 0.043143
0 0.479445 0.768288 0.035031 0.046515
