0 0.482082 0.463335 0.062727 0.119678
0 0.400473 0.445140 0.087086 0.063890
0 0.287805 0.388937 0.088313 0.061463
0 0.309422 0.453226 0.074297 0.050954
0 0.316426 0.520752 0.063945 0.053371
0 0.414785 0.500939 0.086477 0.063890
0 0.366367 0.608895 0.045672 0.080861
0 0.284453 0.668330 0.051156 0.076826
0 0.322824 0.663480 0.046289 0.101089
0 0.543594 0.557142 0.061516 0.101898
0 0.665801 0.351587 0.080211 0.081971
0 0.533465 0.668579 0.085523 0.082137
0 0.726812 0.596706 0.050953 0.107521
0 0.692023 0.605161 0.045922 0.102687
0 0.605262 0.543428 0.036711 0.106068
0 0.609313 0.249969 0.077828 0.080726
0 0.535441 0.277459 0.071664 0.067863
0 0.628918 0.291987 0.061852 0.064077
0 0.610504 0.411525 0.059648 0.084938
0 0.475359 0.293745 0.063687 0.055913
0 0.472785 0.559684 0.073133 0.063164
0 0.494410 0.620773 0.087289 0.062127
0 0.259047 0.510202 0.075062 0.050737
0 0.645430 0.484793 0.066000 0.065726
0 0.591129 0.680446 0.044180 0.116411
0 0.508520 0.721463 0.078836 0.057759
0 0.413203 0.688071 0.053750 0.067469
0 0.320461 0.575607 0.076672 0.048558
0 0.641770 0.580591 0.038477 0.090477
0 0.527340 0.351872 0.076945 0.070197
0 0.568457 0.391841 0.057570 0.090093
0 0.772395 0.486468 0.075445 0.050985
0 0.788199 0.447656 0.064227 0.053693
0 0.432523 0.345166 0.075891 0.072573
