0 0.598822 0.323280 0.038601 0.031476
0 0.556548 0.419590 0.043872 0.030284
0 0.679088 0.457278 0.038105 0.031781
0 0.393136 0.509783 0.034810 0.039824
0 0.407879 0.551615 0.067690 0.020873
0 0.550487 0.648670 0.038845 0.038612
0 0.496588 0.341882 0.041949 0.039756
0 0.688565 0.374617 0.030542 0.024171
0 0.655099 0.348287 0.050090 0.020393
0 0.501291 0.658263 0.052870 0.032668
0 0.564043 0.562035 0.054404 0.019939
0 0.588606 0.606324 0.057410 0.022004
0 0.710997 0.540030 0.026399 0.035904
0 0.393687 0.567498 0.060460 0.019831
0 0.391625 0.585217 0.055469 0.019506
0 0.560158 0.533362 0.040948 0.033737
0 0.507631 0.532227 0.047319 0.026432
0 0.511155 0.512840 0.053032 0.026940
0 0.504612 0.554381 0.066119 0.025931
0 0.535659 0.621821 0.054404 0.032539
0 0.485880 0.456469 0.035912 0.033236
0 0.459030 0.483284 0.025171 0.039526
0 0.467252 0.523439 0.026850 0.039282
0 0.429562 0.539705 0.043493 0.041659
0 0.424161 0.453595 0.038827 0.040785
0 0.432121 0.430724 0.043105 0.027678
0 0.438141 0.416598 0.046606 0.029133
0 0.528994 0.455643 0.051146 0.032343
0 0.498303 0.419743 0.034097 0.035545
0 0.521494 0.431682 0.039865 0.032343
0 0.515523 0.601974 0.054386 0.026980
0 0.493818 0.593930 0.053899 0.021632
0 0.595912 0.516100 0.051137 0.032349
0 0.446038 0.400677 0.053953 0.034299
0 0.453186 0.382634 0.049188 0.033324
0 0.458741 0.360552 0.048637 0.029526
0 0.576909 0.367112 0.047446 0.022756
0 0.634039 0.398883 0.050388 0.024455
0 0.704508 0.430799 0.035244 0.034272
0 0.692491 0.511506 0.025505 0.034496
0 0.548064 0.488544 0.035677 0.039824
0 0.502378 0.491699 0.052789 0.030034
0 0.419892 0.641053 0.046209 0.027969
0 0.408457 0.472607 0.048664 0.043304
0 0.533876 0.317109 0.044305 0.040785
