0 0.571792 0.584225 0.042933 0.037861
0 0.642685 0.357319 0.044883 0.034232
0 0.600943 0.376222 0.047626 0.023507
0 0.554657 0.420183 0.060018 0.027150
0 0.441471 0.432231 0.057491 0.024448
0 0.443755 0.394127 0.028718 0.032640
0 0.392604 0.430227 0.039431 0.050230
0 0.259865 0.559553 0.078971 0.032160
0 0.263750 0.583815 0.071200 0.028023
0 0.358867 0.323338 0.034883 0.013649
0 0.450095 0.354973 0.027031 0.027684
0 0.302333 0.414171 0.065442 0.021151
0 0.371525 0.467285 0.066137 0.031550
0 0.491877 0.329299 0.049892 0.030027
0 0.482739 0.316026 0.034522 0.021327
0 0.587022 0.568450 0.042635 0.034164
0 0.554386 0.594123 0.049314 0.036777
0 0.477924 0.665217 0.042635 0.042214
0 0.542613 0.658362 0.058890 0.027204
0 0.427568 0.651202 0.038872 0.024584
0 0.425686 0.629661 0.044964 0.027637
0 0.423362 0.611706 0.060045 0.036561
0 0.349684 0.650464 0.026390 0.039167
0 0.338375 0.664171 0.029296 0.039174
0 0.375794 0.665477 0.046119 0.034381
0 0.299531 0.322925 0.040036 0.036561
0 0.456363 0.576439 0.047563 0.019188
0 0.453272 0.560900 0.062356 0.018267
0 0.515370 0.645173 0.054224 0.021368
0 0.581164 0.624438 0.058664 0.024638
0 0.503218 0.630454 0.053150 0.021814
0 0.491688 0.612024 0.052653 0.024076
0 0.487049 0.592089 0.054910 0.021063
0 0.629950 0.553186 0.057969 0.029594
0 0.622085 0.535230 0.057852 0.026168
0 0.564292 0.534221 0.046634 0.022756
0 0.567676 0.507326 0.045875 0.020122
0 0.510388 0.526422 0.038105 0.043649
0 0.500361 0.469898 0.050144 0.040812
0 0.414874 0.492864 0.031588 0.041936
0 0.454359 0.500856 0.047888 0.043257
0 0.433172 0.464560 0.059161 0.027833
0 0.312969 0.625433 0.067798 0.030460
0 0.290144 0.641798 0.067798 0.026940
0 0.430289 0.672810 0.055162 0.040812
0 0.455862 0.711361 0.047626 0.046080
0 0.510514 0.696693 0.058664 0.024259
0 0.439666 0.534523 0.058014 0.023507
0 0.522049 0.562485 0.062076 0.024157
0 0.677459 0.450931 0.043294 0.036757
0 0.331873 0.281256 0.035677 0.032424
0 0.384233 0.280494 0.053375 0.025674
0 0.543682 0.270768 0.042617 0.020684
0 0.566751 0.293338 0.054152 0.032729
0 0.531421 0.477552 0.037608 0.050217
0 0.557121 0.438510 0.058664 0.028206
0 0.578276 0.464560 0.038141 0.022593
0 0.605686 0.473416 0.056119 0.031205
0 0.619007 0.493003 0.055469 0.029418
0 0.489856 0.407891 0.039116 0.020873
0 0.482211 0.427637 0.057906 0.027271
0 0.575875 0.349367 0.047635 0.031219
0 0.555063 0.360555 0.054152 0.038930
0 0.502392 0.293602 0.023321 0.023886
0 0.462153 0.305921 0.036597 0.025206
0 0.474188 0.278558 0.026065 0.034042
0 0.445356 0.273758 0.021561 0.023697
0 0.422545 0.273951 0.022563 0.022945
0 0.412139 0.311185 0.047888 0.034232
0 0.348042 0.355985 0.026516 0.024171
0 0.383281 0.390102 0.028529 0.028951
0 0.357608 0.387959 0.023502 0.028700
0 0.331597 0.384184 0.028520 0.046324
0 0.299716 0.373358 0.028529 0.046324
0 0.330889 0.460169 0.057392 0.025931
0 0.312766 0.451232 0.071489 0.024672
0 0.299346 0.437634 0.072157 0.025179
0 0.350465 0.496571 0.034810 0.042431
0 0.371724 0.548693 0.032094 0.043426
0 0.297843 0.537884 0.065686 0.034983
0 0.307495 0.513531 0.058421 0.020129
0 0.302229 0.495572 0.071444 0.025200
