0 0.600928 0.423891 0.093537 0.052578
0 0.572728 0.523727 0.050228 0.076047
0 0.474943 0.380207 0.051525 0.068586
0 0.685737 0.496867 0.119046 0.044156
0 0.665602 0.450855 0.108299 0.041117
0 0.523283 0.438711 0.070425 0.069031
0 0.429559 0.462305 0.068351 0.077219
0 0.358874 0.450797 0.058517 0.076047
0 0.337645 0.370465 0.052303 0.079164
0 0.295954 0.428570 0.075602 0.082281
0 0.355902 0.518066 0.079212 0.074148
0 0.488843 0.664781 0.095280 0.038609
0 0.422044 0.612328 0.101494 0.046797
0 0.376478 0.568262 0.096317 0.034320
0 0.434476 0.523023 0.093205 0.065516
0 0.528200 0.552664 0.046608 0.075656
0 0.568351 0.377551 0.059066 0.072805
0 0.529414 0.351930 0.055488 0.056625
0 0.426032 0.379738 0.076089 0.075164
0 0.606390 0.490969 0.065768 0.076047
0 0.475379 0.596344 0.080778 0.074875
0 0.659206 0.572746 0.103558 0.068242
0 0.612350 0.622859 0.107189 0.049922
