0 0.647972 0.482410 0.109077 0.035539
0 0.564461 0.408625 0.068029 0.048203
0 0.524175 0.371551 0.047438 0.061680
0 0.477552 0.349254 0.048734 0.047195
0 0.431525 0.368770 0.045643 0.037289
0 0.379300 0.383777 0.071172 0.068461
0 0.301556 0.380719 0.047967 0.070500
0 0.567982 0.480754 0.063828 0.070789
0 0.539165 0.512797 0.062666 0.071953
0 0.483278 0.437785 0.073880 0.070492
0 0.394113 0.460504 0.063434 0.061758
0 0.327391 0.455551 0.054533 0.065836
0 0.271307 0.435891 0.083942 0.076031
0 0.330794 0.517809 0.083164 0.071664
0 0.408543 0.518242 0.088579 0.056219
0 0.497318 0.541254 0.058019 0.074867
0 0.354025 0.562762 0.089959 0.037414
0 0.451810 0.588543 0.078766 0.072805
0 0.405493 0.610117 0.106068 0.047859
0 0.469040 0.653258 0.098019 0.042469
0 0.584279 0.610086 0.103039 0.042156
0 0.627780 0.560152 0.098900 0.062398
0 0.623221 0.440172 0.095156 0.036125
