0 0.560965 0.307844 0.061763 0.053250
0 0.577505 0.439543 0.057500 0.077898
0 0.522894 0.367953 0.077718 0.058312
0 0.481888 0.393813 0.064855 0.060422
0 0.433745 0.388402 0.059502 0.058164
0 0.663584 0.376816 0.096608 0.039023
0 0.685145 0.420379 0.096950 0.041039
0 0.307552 0.357484 0.067324 0.077687
0 0.373574 0.386645 0.052002 0.057227
0 0.351209 0.314461 0.056961 0.069422
0 0.418003 0.321090 0.069388 0.059273
0 0.591846 0.338687 0.070705 0.045500
0 0.520913 0.295711 0.058631 0.060000
0 0.476146 0.571238 0.091504 0.034461
0 0.608719 0.538809 0.107313 0.040539
0 0.654689 0.492105 0.090934 0.060430
0 0.447588 0.530121 0.097956 0.043305
0 0.503584 0.510738 0.070882 0.066977
0 0.413491 0.487953 0.095280 0.031469
0 0.451100 0.447164 0.093610 0.042547
0 0.536680 0.465418 0.055498 0.067977
0 0.369694 0.443008 0.073205 0.068984
0 0.610441 0.409297 0.060965 0.060500
