0 0.351593 0.396212 0.039106 0.035362
0 0.335551 0.409096 0.040108 0.034035
0 0.441214 0.331764 0.036922 0.033995
0 0.479472 0.319049 0.045641 0.036256
0 0.294860 0.447197 0.041616 0.037048
0 0.315921 0.425372 0.026570 0.042295
0 0.282676 0.566852 0.071200 0.021070
0 0.280672 0.546726 0.069197 0.021821
0 0.282798 0.526601 0.058412 0.019932
0 0.512996 0.377519 0.051643 0.029526
0 0.618389 0.387779 0.043258 0.026974
0 0.454720 0.637343 0.046769 0.040914
0 0.274585 0.485474 0.034224 0.042214
0 0.638655 0.444066 0.046408 0.037867
0 0.612500 0.514509 0.043105 0.023886
0 0.613276 0.540870 0.043881 0.023013
0 0.399594 0.642329 0.063105 0.037265
0 0.314012 0.612871 0.052356 0.028707
0 0.467802 0.552478 0.060623 0.018714
0 0.566832 0.414689 0.052798 0.029810
0 0.615131 0.431337 0.026977 0.032640
0 0.556074 0.515965 0.044368 0.026933
0 0.562662 0.500819 0.042076 0.026026
0 0.399765 0.573883 0.059404 0.023893
0 0.401273 0.559154 0.060415 0.020162
0 0.398926 0.539641 0.064440 0.024401
0 0.457631 0.373761 0.034269 0.026831
0 0.474675 0.360626 0.025650 0.021632
0 0.499675 0.345944 0.046444 0.033297
0 0.500451 0.417410 0.026534 0.038070
0 0.480257 0.420220 0.033709 0.033575
0 0.609097 0.369631 0.044386 0.017136
0 0.582414 0.384804 0.029594 0.037651
0 0.548330 0.383257 0.043069 0.036520
0 0.562563 0.351693 0.028321 0.027326
0 0.410772 0.406161 0.038258 0.027949
0 0.405903 0.388412 0.041282 0.033737
0 0.424531 0.350017 0.040939 0.038016
0 0.394995 0.354171 0.036922 0.037766
0 0.380736 0.365125 0.039269 0.030968
0 0.362613 0.379851 0.035912 0.031726
0 0.455460 0.528368 0.049422 0.038091
0 0.503087 0.509997 0.053917 0.033033
0 0.506904 0.487586 0.040884 0.029323
0 0.525776 0.469384 0.048971 0.033365
0 0.605781 0.468544 0.023312 0.031036
0 0.443619 0.486947 0.031841 0.043697
0 0.436819 0.448206 0.057861 0.027962
0 0.439346 0.425193 0.047374 0.025051
0 0.390027 0.440630 0.040379 0.037874
0 0.397017 0.481269 0.059810 0.028835
0 0.318475 0.518050 0.048321 0.042261
0 0.401435 0.519194 0.058917 0.025389
0 0.357563 0.504428 0.029332 0.037238
0 0.423114 0.583883 0.056769 0.025680
0 0.446295 0.610213 0.056778 0.025680
0 0.501986 0.597620 0.054603 0.019993
0 0.332649 0.463307 0.023782 0.035823
0 0.353624 0.460565 0.022283 0.035687
