0 0.537617 0.464276 0.040614 0.034225
0 0.475140 0.435951 0.041868 0.031970
0 0.486295 0.424668 0.042121 0.033101
0 0.498204 0.411127 0.043375 0.037989
0 0.511385 0.397360 0.042681 0.037387
0 0.524603 0.381757 0.040090 0.036080
0 0.546381 0.375531 0.040957 0.036574
0 0.560140 0.361307 0.037699 0.037712
0 0.738506 0.453856 0.022067 0.027833
0 0.713935 0.465988 0.039116 0.031029
0 0.622780 0.447102 0.044206 0.035274
0 0.542080 0.414794 0.040117 0.037238
0 0.550226 0.433321 0.035343 0.034794
0 0.715217 0.391916 0.038791 0.015599
0 0.592360 0.402156 0.030117 0.039005
0 0.607960 0.393460 0.030993 0.039824
0 0.604544 0.546490 0.051056 0.029160
0 0.550153 0.563791 0.056570 0.021544
0 0.696837 0.540162 0.040117 0.028585
0 0.701349 0.523893 0.041616 0.029898
0 0.594878 0.507194 0.028330 0.039871
0 0.583822 0.472062 0.049883 0.025951
0 0.579684 0.449868 0.039116 0.023324
0 0.502365 0.484942 0.020560 0.035735
0 0.480302 0.490494 0.026074 0.034042
0 0.466877 0.636899 0.057960 0.030332
0 0.542130 0.666561 0.061101 0.039770
0 0.597171 0.663362 0.048980 0.038761
0 0.647270 0.621225 0.055713 0.021232
0 0.428903 0.591903 0.060208 0.022586
0 0.430257 0.571679 0.067392 0.021909
0 0.432730 0.551625 0.056164 0.022925
0 0.665388 0.588236 0.045433 0.034956
0 0.751209 0.567265 0.031462 0.026798
0 0.742085 0.540609 0.033394 0.028842
0 0.738822 0.492688 0.026020 0.032336
0 0.758511 0.467241 0.036588 0.034997
0 0.732319 0.408944 0.038285 0.023940
0 0.596160 0.344966 0.049016 0.035687
0 0.458430 0.458409 0.031552 0.048341
0 0.441819 0.478172 0.045984 0.041043
0 0.418321 0.512762 0.031209 0.039025
0 0.547658 0.503795 0.057211 0.029255
0 0.695839 0.434770 0.056408 0.026141
0 0.620370 0.576063 0.066119 0.022661
0 0.568511 0.606523 0.057726 0.025680
0 0.595699 0.632207 0.058403 0.023670
0 0.551566 0.643788 0.046652 0.027197
0 0.501421 0.577718 0.031038 0.041124
0 0.509255 0.530281 0.032193 0.039384
0 0.469368 0.541161 0.035975 0.044177
0 0.550880 0.540399 0.059179 0.026987
