0 0.507028 0.490363 0.058019 0.069039
0 0.479129 0.318082 0.043672 0.066820
0 0.244471 0.454867 0.101203 0.032375
0 0.324886 0.386215 0.081805 0.051680
0 0.348454 0.414148 0.108133 0.041766
0 0.404948 0.366113 0.043672 0.053258
0 0.440654 0.342098 0.047137 0.055336
0 0.529730 0.355934 0.097739 0.030805
0 0.552261 0.399266 0.085954 0.034984
0 0.468382 0.400312 0.077635 0.062125
0 0.525571 0.435289 0.093589 0.034984
0 0.349507 0.450480 0.091504 0.046070
0 0.331151 0.521773 0.061763 0.071797
0 0.370757 0.494641 0.060415 0.065391
0 0.413273 0.482336 0.056836 0.069094
0 0.456546 0.477988 0.056079 0.069914
