0 0.321376 0.564529 0.064973 0.028070
0 0.586155 0.522424 0.041480 0.036561
0 0.570781 0.534831 0.043800 0.035687
0 0.552216 0.541462 0.047861 0.036777
0 0.643524 0.375345 0.050009 0.029959
0 0.690009 0.369932 0.049675 0.031726
0 0.670375 0.352813 0.047319 0.033737
0 0.589910 0.320169 0.045722 0.029912
0 0.572685 0.325288 0.046363 0.032349
0 0.402392 0.289103 0.055433 0.020928
0 0.409264 0.346984 0.026778 0.025288
0 0.457969 0.321381 0.018556 0.025579
0 0.476647 0.315924 0.023818 0.025958
0 0.345740 0.548209 0.062076 0.028510
0 0.350239 0.532326 0.047861 0.021104
0 0.413967 0.507908 0.034810 0.046567
0 0.403172 0.458578 0.031904 0.043304
0 0.388524 0.487847 0.034522 0.043521
0 0.316151 0.475335 0.067879 0.025457
0 0.325578 0.455643 0.057726 0.016540
0 0.512897 0.367586 0.044368 0.024448
0 0.504120 0.380095 0.060424 0.020122
0 0.463506 0.383856 0.056904 0.019749
0 0.321512 0.366950 0.043980 0.018856
0 0.362031 0.373612 0.040090 0.028605
0 0.317067 0.389787 0.060235 0.019993
0 0.330289 0.398561 0.054170 0.018368
0 0.343069 0.408399 0.038574 0.019506
0 0.392148 0.409130 0.060451 0.025518
0 0.504192 0.290193 0.041597 0.027793
0 0.513294 0.296615 0.042906 0.028937
0 0.507550 0.261913 0.021886 0.020318
0 0.482306 0.257119 0.021670 0.019181
0 0.460424 0.254760 0.016895 0.017712
0 0.443416 0.277190 0.039648 0.024875
0 0.486968 0.280200 0.037924 0.027630
0 0.544016 0.425477 0.033502 0.036425
0 0.585501 0.422698 0.035442 0.020887
0 0.516927 0.590765 0.051688 0.021652
0 0.541764 0.602346 0.063764 0.025680
0 0.506358 0.635403 0.054034 0.022153
0 0.452486 0.648494 0.048330 0.047332
0 0.479170 0.603060 0.043971 0.042072
0 0.434030 0.609221 0.059738 0.040284
0 0.430839 0.549546 0.052653 0.034421
0 0.434851 0.566659 0.048637 0.029526
0 0.434603 0.585748 0.044621 0.020311
0 0.381394 0.600630 0.042319 0.037373
0 0.579052 0.573416 0.060415 0.023162
0 0.529883 0.508710 0.056047 0.018125
0 0.463597 0.503172 0.061760 0.023663
0 0.458227 0.520670 0.059738 0.021395
0 0.622450 0.494550 0.057681 0.025430
0 0.629662 0.511970 0.056002 0.028517
0 0.451949 0.478636 0.054603 0.026005
0 0.520857 0.475988 0.033935 0.044394
0 0.496200 0.479252 0.033935 0.036987
0 0.571038 0.486760 0.063520 0.019804
0 0.578727 0.461080 0.046986 0.023717
0 0.625718 0.451618 0.050478 0.022194
0 0.611792 0.432793 0.052211 0.028510
0 0.432193 0.437962 0.029332 0.037048
0 0.470050 0.444360 0.042374 0.039309
0 0.514937 0.422898 0.045289 0.040636
0 0.453511 0.411764 0.055036 0.029418
0 0.319910 0.441564 0.064729 0.021151
0 0.298371 0.578301 0.070821 0.031225
0 0.270474 0.493487 0.060749 0.031131
0 0.277387 0.519885 0.075785 0.032485
0 0.414490 0.379567 0.046995 0.042437
0 0.464233 0.354651 0.037419 0.041341
0 0.371300 0.437739 0.034603 0.037617
0 0.681922 0.418687 0.039116 0.035166
0 0.604657 0.275443 0.056859 0.031117
0 0.652626 0.336161 0.049910 0.038998
0 0.613637 0.345911 0.043664 0.027299
0 0.335122 0.287238 0.040605 0.031984
0 0.329468 0.332173 0.028718 0.043087
0 0.421128 0.250680 0.054242 0.025464
0 0.567617 0.255792 0.033357 0.020454
0 0.568547 0.399567 0.056715 0.028951
0 0.566029 0.380938 0.057058 0.026940
0 0.504174 0.573267 0.051688 0.021401
0 0.493773 0.554885 0.053032 0.021903
0 0.486724 0.536005 0.053032 0.022911
