0 0.500262 0.703558 0.062653 0.023067
0 0.653998 0.402918 0.046119 0.041124
0 0.540050 0.469936 0.039612 0.045328
0 0.586178 0.461192 0.048132 0.026703
0 0.626543 0.489871 0.061173 0.030278
0 0.616133 0.469184 0.055406 0.029147
0 0.449269 0.425816 0.062671 0.025958
0 0.487374 0.416882 0.055650 0.023135
0 0.508434 0.403436 0.058673 0.027833
0 0.619829 0.371192 0.043971 0.033487
0 0.592306 0.339218 0.053366 0.034496
0 0.575695 0.350545 0.053700 0.041036
0 0.342798 0.293582 0.019260 0.018822
0 0.525835 0.284008 0.035352 0.016926
0 0.523574 0.275264 0.022310 0.013724
0 0.505275 0.315420 0.050894 0.031598
0 0.493994 0.306202 0.039359 0.034976
0 0.472685 0.289276 0.048384 0.026703
0 0.422044 0.295014 0.044377 0.038179
0 0.363023 0.304959 0.029838 0.014482
0 0.350113 0.336557 0.023565 0.023879
0 0.462505 0.343026 0.032338 0.035355
0 0.441196 0.344248 0.018800 0.037055
0 0.386322 0.384963 0.030749 0.040691
0 0.359779 0.382789 0.029883 0.040257
0 0.330681 0.364347 0.029468 0.041056
0 0.295492 0.394804 0.066164 0.021659
0 0.288885 0.422261 0.072229 0.024590
0 0.299616 0.436842 0.068745 0.025464
0 0.322825 0.447393 0.062942 0.023940
0 0.366300 0.456290 0.065776 0.030210
0 0.345826 0.488392 0.048330 0.045572
0 0.413962 0.488893 0.032220 0.043053
0 0.363276 0.546127 0.030542 0.045823
0 0.283236 0.531144 0.067121 0.030467
0 0.418019 0.677651 0.069143 0.046080
0 0.469707 0.669089 0.046309 0.053128
0 0.410636 0.653605 0.051688 0.025680
0 0.423894 0.627295 0.067464 0.038016
0 0.413994 0.612190 0.060406 0.034496
0 0.453366 0.575944 0.043105 0.017766
0 0.449869 0.558612 0.057861 0.025633
0 0.329486 0.596303 0.065108 0.024428
0 0.311859 0.607129 0.052022 0.025430
0 0.292396 0.622993 0.064774 0.032986
0 0.693096 0.453294 0.050343 0.043053
0 0.625045 0.538250 0.067960 0.029716
0 0.632807 0.558351 0.067184 0.030298
0 0.540812 0.665345 0.061787 0.026114
0 0.578669 0.629113 0.065551 0.024590
0 0.441954 0.710738 0.048150 0.058321
0 0.521440 0.561760 0.068348 0.031171
0 0.514057 0.524177 0.041940 0.050982
0 0.487071 0.531171 0.040767 0.048653
0 0.561047 0.534228 0.059801 0.023893
0 0.550790 0.597410 0.048330 0.040535
0 0.438592 0.531747 0.055379 0.028951
0 0.266079 0.638720 0.069197 0.031686
0 0.480546 0.592586 0.053366 0.021869
0 0.490280 0.613372 0.047996 0.023670
0 0.502193 0.633517 0.043628 0.023162
0 0.517130 0.651127 0.044639 0.020616
0 0.703497 0.395311 0.059070 0.041036
0 0.664738 0.355657 0.052690 0.039777
0 0.685212 0.373910 0.050009 0.037014
0 0.506403 0.467099 0.053655 0.045139
0 0.241683 0.576615 0.072825 0.030968
0 0.240005 0.551060 0.075514 0.034739
0 0.296755 0.353416 0.034233 0.049851
0 0.303809 0.299032 0.046318 0.042803
0 0.340826 0.255179 0.041940 0.044279
0 0.396742 0.260423 0.059801 0.034374
0 0.566056 0.254892 0.046606 0.025640
0 0.606092 0.280934 0.060199 0.035247
0 0.393051 0.420640 0.052690 0.050609
0 0.449770 0.382624 0.037247 0.031476
0 0.434025 0.459188 0.064079 0.035545
0 0.455772 0.495162 0.054756 0.042241
0 0.575460 0.506798 0.040271 0.022654
0 0.562360 0.412766 0.065190 0.031219
0 0.567626 0.435332 0.060668 0.028213
0 0.495650 0.261442 0.028195 0.030467
0 0.467622 0.255779 0.028529 0.031720
0 0.440776 0.255152 0.026516 0.030968
0 0.283109 0.488057 0.060659 0.020894
0 0.289621 0.506425 0.057509 0.019892
