0 0.546789 0.613656 0.058517 0.072531
0 0.456950 0.608000 0.053859 0.075266
0 0.413709 0.621066 0.056442 0.069414
0 0.373579 0.640176 0.051784 0.079555
0 0.576535 0.488270 0.085871 0.035836
0 0.492210 0.475449 0.047199 0.066711
0 0.528185 0.441949 0.037137 0.067289
0 0.572630 0.563973 0.090093 0.031977
0 0.593340 0.525559 0.097344 0.035492
0 0.512816 0.530434 0.082334 0.057711
0 0.460316 0.496078 0.056442 0.065906
0 0.396618 0.571539 0.089585 0.039000
0 0.402059 0.531172 0.104595 0.038609
0 0.374098 0.506605 0.085954 0.045633
0 0.293838 0.569980 0.112884 0.033539
0 0.499409 0.603125 0.053859 0.076437
