0 0.652344 0.430414 0.057635 0.074000
0 0.466634 0.504695 0.105633 0.037828
0 0.578740 0.509570 0.110301 0.041344
0 0.553366 0.585031 0.069907 0.079953
0 0.603335 0.560461 0.060073 0.076047
0 0.649160 0.551297 0.064730 0.075656
0 0.690845 0.546031 0.060073 0.076828
0 0.741857 0.560070 0.062656 0.074484
0 0.768776 0.506254 0.114440 0.035492
0 0.706644 0.468230 0.105114 0.063961
0 0.798553 0.468621 0.102521 0.044461
0 0.778620 0.429621 0.099938 0.035102
0 0.554663 0.437813 0.108745 0.046016
0 0.583657 0.470965 0.097355 0.033539
0 0.730462 0.377941 0.041898 0.071586
