0 0.509497 0.578297 0.062210 0.079547
0 0.413952 0.465668 0.103299 0.050102
0 0.440036 0.494750 0.104637 0.043813
0 0.572920 0.483043 0.081566 0.057148
0 0.635980 0.529199 0.110944 0.036555
0 0.666463 0.487090 0.099108 0.037648
0 0.646349 0.444773 0.094378 0.045156
0 0.590768 0.394699 0.043714 0.080398
0 0.545316 0.413926 0.052604 0.046617
0 0.503351 0.439563 0.047573 0.052438
0 0.328693 0.535695 0.122178 0.038766
0 0.436546 0.536875 0.109647 0.047859
0 0.411691 0.618922 0.064212 0.082281
0 0.459331 0.590645 0.068351 0.079555
0 0.609528 0.587063 0.059969 0.074156
0 0.554476 0.571555 0.063558 0.079547
