0 0.349232 0.317047 0.048776 0.070437
0 0.610456 0.541113 0.105207 0.045445
0 0.658029 0.492461 0.092054 0.065250
0 0.478257 0.572324 0.102573 0.034602
0 0.447194 0.528367 0.093620 0.044172
0 0.506572 0.510309 0.072521 0.065930
0 0.415265 0.487680 0.099678 0.032859
0 0.535259 0.464059 0.052220 0.068461
0 0.452697 0.445547 0.093568 0.041406
0 0.369518 0.445414 0.074263 0.067875
0 0.306535 0.355680 0.059959 0.075516
0 0.372329 0.386516 0.054595 0.063031
0 0.432521 0.384828 0.054149 0.051563
0 0.486001 0.391906 0.063558 0.054937
0 0.520482 0.370336 0.075218 0.064375
0 0.576629 0.437070 0.052365 0.072469
0 0.608631 0.410949 0.056390 0.067414
0 0.665892 0.373367 0.097510 0.035391
0 0.687842 0.417859 0.093983 0.038094
0 0.415249 0.324461 0.068921 0.059656
0 0.520197 0.290926 0.054149 0.045164
0 0.562936 0.305590 0.054606 0.046852
0 0.594710 0.337945 0.061763 0.040781
0 0.471862 0.307949 0.043413 0.032695
